(1, 1)	0	0.0
(1, 2)	1	0.0
(1, 3)	2	0.0
(1, 4)	3	0.0
(1, 5)	4	0.0
(1, 6)	5	0.0
(2, 1)	6	0.0
(3, 1)	7	0.0
(4, 1)	8	0.0
(4, 2)	9	0.0
(4, 3)	10	0.0
(5, 1)	11	0.0
(6, 1)	12	0.0
(6, 2)	13	0.0
(7, 1)	14	0.0
(8, 1)	15	0.0
(8, 2)	16	0.0
(8, 3)	17	0.0
(8, 4)	18	0.0
(9, 1)	19	0.0
(9, 2)	20	0.0
(2, 2)	21	0.0
(2, 3)	22	0.0
(10, 1)	23	0.0
(10, 2)	24	0.0
(11, 1)	25	0.0
(11, 2)	26	0.0
(12, 1)	27	0.0
(9, 3)	28	0.0
(9, 4)	29	0.0
(8, 5)	30	0.0
(13, 1)	31	0.0
(13, 2)	32	0.0
(13, 3)	33	0.0
(2, 4)	34	0.0
(2, 5)	35	0.0
(3, 2)	36	0.0
(4, 4)	37	0.0
(5, 2)	38	0.0
(5, 3)	39	0.0
(14, 1)	40	0.0
(2, 6)	41	0.0
(2, 7)	42	0.0
(8, 6)	43	0.0
(2, 8)	44	0.0
(3, 3)	45	0.0
(3, 4)	46	0.0
(4, 5)	47	0.0
(4, 6)	48	0.0
(15, 1)	49	0.0
(2, 9)	50	0.0
(2, 10)	51	0.0
(3, 5)	52	0.0
(4, 7)	53	0.0
(5, 4)	54	0.0
(8, 7)	55	0.0
(2, 11)	56	0.0
(8, 8)	57	0.0
(8, 9)	58	0.0
(8, 10)	59	0.0
(13, 4)	60	0.0
(3, 6)	61	0.0
(3, 7)	62	0.0
(3, 8)	63	0.0
(3, 9)	64	0.0
(16, 1)	65	0.0
(8, 11)	66	0.0
(8, 12)	67	0.0
(9, 5)	68	0.0
(9, 6)	69	0.0
(10, 3)	70	0.0
(10, 4)	71	0.0
(10, 5)	72	0.0
(11, 3)	73	0.0
(17, 1)	74	0.0
(18, 1)	75	0.0
(4, 8)	76	0.0
(15, 2)	77	0.0
(8, 13)	78	0.0
(8, 14)	79	0.0
(2, 12)	80	0.0
(2, 13)	81	0.0
(10, 6)	82	0.0
(4, 9)	83	0.0
(4, 10)	84	0.0
(4, 11)	85	0.0
(4, 12)	86	0.0
(17, 2)	87	0.0
(8, 15)	88	0.0
(8, 16)	89	0.0
(8, 17)	90	0.0
(13, 5)	91	0.0
(13, 6)	92	0.0
(2, 14)	93	0.0
(2, 15)	94	0.0
(11, 4)	95	0.0
(8, 18)	96	0.0
(8, 19)	97	0.0
(8, 20)	98	0.0
(2, 16)	99	0.0
(4, 13)	100	0.0
(8, 21)	101	0.0
(8, 22)	102	0.0
(9, 7)	103	0.0
(10, 7)	104	0.0
(12, 2)	105	0.0
(8, 23)	106	0.0
(8, 24)	107	0.0
(9, 8)	108	0.0
(9, 9)	109	0.0
(18, 2)	110	0.0
(18, 3)	111	0.0
(10, 8)	112	0.0
(8, 25)	113	0.0
(9, 10)	114	0.0
(19, 1)	115	0.0
(19, 2)	116	0.0
(19, 3)	117	0.0
(19, 4)	118	0.0
(19, 5)	119	0.0
(20, 1)	120	0.0
(21, 1)	121	0.0
(9, 11)	122	0.0
(8, 26)	123	0.0
(8, 27)	124	0.0
(13, 7)	125	0.0
(13, 8)	126	0.0
(2, 17)	127	0.0
(3, 10)	128	0.0
(4, 14)	129	0.0
(4, 15)	130	0.0
(15, 3)	131	0.0
(17, 3)	132	0.0
(8, 28)	133	0.0
(8, 29)	134	0.0
(8, 30)	135	0.0
(8, 31)	136	0.0
(22, 1)	137	0.0
(3, 11)	138	0.0
(3, 12)	139	0.0
(3, 13)	140	0.0
(4, 16)	141	0.0
(4, 17)	142	0.0
(15, 4)	143	0.0
(15, 5)	144	0.0
(13, 9)	145	0.0
(2, 18)	146	0.0
(2, 19)	147	0.0
(3, 14)	148	0.0
(4, 18)	149	0.0
(4, 19)	150	0.0
(4, 20)	151	0.0
(4, 21)	152	0.0
(4, 22)	153	0.0
(13, 10)	154	0.0
(8, 32)	155	0.0
(2, 20)	156	0.0
(2, 21)	157	0.0
(10, 9)	158	0.0
(10, 10)	159	0.0
(10, 11)	160	0.0
(11, 5)	161	0.0
(8, 33)	162	0.0
(9, 12)	163	0.0
(9, 13)	164	0.0
(3, 15)	165	0.0
(4, 23)	166	0.0
(4, 24)	167	0.0
(4, 25)	168	0.0
(15, 6)	169	0.0
(3, 16)	170	0.0
(6, 3)	171	0.0
(13, 11)	172	0.0
(22, 2)	173	0.0
(4, 26)	174	0.0
(8, 34)	175	0.0
(8, 35)	176	0.0
(13, 12)	177	0.0
(13, 13)	178	0.0
(2, 22)	179	0.0
(3, 17)	180	0.0
(3, 18)	181	0.0
(2, 23)	182	0.0
(13, 14)	183	0.0
(2, 24)	184	0.0
(8, 36)	185	0.0
(8, 37)	186	0.0
(9, 14)	187	0.0
(9, 15)	188	0.0
(2, 25)	189	0.0
(3, 19)	190	0.0
(4, 27)	191	0.0
(15, 7)	192	0.0
(8, 38)	193	0.0
(8, 39)	194	0.0
(13, 15)	195	0.0
(13, 16)	196	0.0
(13, 17)	197	0.0
(3, 20)	198	0.0
(4, 28)	199	0.0
(3, 21)	200	0.0
(15, 8)	201	0.0
(8, 40)	202	0.0
(4, 29)	203	0.0
(8, 41)	204	0.0
(18, 4)	205	0.0
(18, 5)	206	0.0
(18, 6)	207	0.0
(3, 22)	208	0.0
(4, 30)	209	0.0
(4, 31)	210	0.0
(4, 32)	211	0.0
(6, 4)	212	0.0
(7, 2)	213	0.0
(18, 7)	214	0.0
(10, 12)	215	0.0
(11, 6)	216	0.0
(11, 7)	217	0.0
(12, 3)	218	0.0
(18, 8)	219	0.0
(10, 13)	220	0.0
(4, 33)	221	0.0
(4, 34)	222	0.0
(15, 9)	223	0.0
(19, 6)	224	0.0
(20, 2)	225	0.0
(15, 10)	226	0.0
(17, 4)	227	0.0
(8, 42)	228	0.0
(10, 14)	229	0.0
(11, 8)	230	0.0
(12, 4)	231	0.0
(2, 26)	232	0.0
(10, 15)	233	0.0
(8, 43)	234	0.0
(8, 44)	235	0.0
(8, 45)	236	0.0
(13, 18)	237	0.0
(3, 23)	238	0.0
(23, 1)	239	0.0
(23, 2)	240	0.0
(4, 35)	241	0.0
(15, 11)	242	0.0
(15, 12)	243	0.0
(8, 46)	244	0.0
(8, 47)	245	0.0
(9, 16)	246	0.0
(18, 9)	247	0.0
(18, 10)	248	0.0
(10, 16)	249	0.0
(11, 9)	250	0.0
(8, 48)	251	0.0
(8, 49)	252	0.0
(8, 50)	253	0.0
(9, 17)	254	0.0
(19, 7)	255	0.0
(11, 10)	256	0.0
(11, 11)	257	0.0
(12, 5)	258	0.0
(8, 51)	259	0.0
(9, 18)	260	0.0
(9, 19)	261	0.0
(9, 20)	262	0.0
(19, 8)	263	0.0
(9, 21)	264	0.0
(9, 22)	265	0.0
(19, 9)	266	0.0
(10, 17)	267	0.0
(10, 18)	268	0.0
(11, 12)	269	0.0
(9, 23)	270	0.0
(9, 24)	271	0.0
(9, 25)	272	0.0
(9, 26)	273	0.0
(9, 27)	274	0.0
(19, 10)	275	0.0
(20, 3)	276	0.0
(21, 2)	277	0.0
(8, 52)	278	0.0
(8, 53)	279	0.0
(9, 28)	280	0.0
(19, 11)	281	0.0
(20, 4)	282	0.0
(20, 5)	283	0.0
(21, 3)	284	0.0
(8, 54)	285	0.0
(8, 55)	286	0.0
(9, 29)	287	0.0
(10, 19)	288	0.0
(8, 56)	289	0.0
(8, 57)	290	0.0
(9, 30)	291	0.0
(9, 31)	292	0.0
(9, 32)	293	0.0
(11, 13)	294	0.0
(20, 6)	295	0.0
(20, 7)	296	0.0
(8, 58)	297	0.0
(8, 59)	298	0.0
(9, 33)	299	0.0
(9, 34)	300	0.0
(9, 35)	301	0.0
(9, 36)	302	0.0
(9, 37)	303	0.0
(19, 12)	304	0.0
(4, 36)	305	0.0
(15, 13)	306	0.0
(15, 14)	307	0.0
(8, 60)	308	0.0
(18, 11)	309	0.0
(15, 15)	310	0.0
(15, 16)	311	0.0
(10, 20)	312	0.0
(8, 61)	313	0.0
(8, 62)	314	0.0
(9, 38)	315	0.0
(9, 39)	316	0.0
(19, 13)	317	0.0
(8, 63)	318	0.0
(9, 40)	319	0.0
(9, 41)	320	0.0
(19, 14)	321	0.0
(19, 15)	322	0.0
(19, 16)	323	0.0
(20, 8)	324	0.0
(20, 9)	325	0.0
(21, 4)	326	0.0
(8, 64)	327	0.0
(8, 65)	328	0.0
(2, 27)	329	0.0
(4, 37)	330	0.0
(8, 66)	331	0.0
(8, 67)	332	0.0
(9, 42)	333	0.0
(9, 43)	334	0.0
(19, 17)	335	0.0
(19, 18)	336	0.0
(19, 19)	337	0.0
(19, 20)	338	0.0
(10, 21)	339	0.0
(2, 28)	340	0.0
(2, 29)	341	0.0
(10, 22)	342	0.0
(15, 17)	343	0.0
(2, 30)	344	0.0
(2, 31)	345	0.0
(3, 24)	346	0.0
(3, 25)	347	0.0
(13, 19)	348	0.0
(13, 20)	349	0.0
(13, 21)	350	0.0
(3, 26)	351	0.0
(4, 38)	352	0.0
(2, 32)	353	0.0
(4, 39)	354	0.0
(3, 27)	355	0.0
(5, 5)	356	0.0
(5, 6)	357	0.0
(14, 2)	358	0.0
(4, 40)	359	0.0
(2, 33)	360	0.0
(2, 34)	361	0.0
(2, 35)	362	0.0
(2, 36)	363	0.0
(3, 28)	364	0.0
(24, 1)	365	0.0
(8, 68)	366	0.0
(9, 44)	367	0.0
(9, 45)	368	0.0
(9, 46)	369	0.0
(19, 21)	370	0.0
(20, 10)	371	0.0
(21, 5)	372	0.0
(9, 47)	373	0.0
(10, 23)	374	0.0
(4, 41)	375	0.0
(15, 18)	376	0.0
(17, 5)	377	0.0
(8, 69)	378	0.0
(8, 70)	379	0.0
(8, 71)	380	0.0
(9, 48)	381	0.0
(9, 49)	382	0.0
(9, 50)	383	0.0
(9, 51)	384	0.0
(19, 22)	385	0.0
(20, 11)	386	0.0
(21, 6)	387	0.0
(8, 72)	388	0.0
(9, 52)	389	0.0
(9, 53)	390	0.0
(9, 54)	391	0.0
(19, 23)	392	0.0
(10, 24)	393	0.0
(12, 6)	394	0.0
(8, 73)	395	0.0
(9, 55)	396	0.0
(19, 24)	397	0.0
(19, 25)	398	0.0
(10, 25)	399	0.0
(12, 7)	400	0.0
(8, 74)	401	0.0
(9, 56)	402	0.0
(9, 57)	403	0.0
(19, 26)	404	0.0
(9, 58)	405	0.0
(9, 59)	406	0.0
(9, 60)	407	0.0
(10, 26)	408	0.0
(11, 14)	409	0.0
(8, 75)	410	0.0
(19, 27)	411	0.0
(9, 61)	412	0.0
(8, 76)	413	0.0
(8, 77)	414	0.0
(18, 12)	415	0.0
(18, 13)	416	0.0
(10, 27)	417	0.0
(10, 28)	418	0.0
(8, 78)	419	0.0
(10, 29)	420	0.0
(10, 30)	421	0.0
(18, 14)	422	0.0
(10, 31)	423	0.0
(4, 42)	424	0.0
(10, 32)	425	0.0
(4, 43)	426	0.0
(4, 44)	427	0.0
(18, 15)	428	0.0
(10, 33)	429	0.0
(2, 37)	430	0.0
(13, 22)	431	0.0
(18, 16)	432	0.0
(18, 17)	433	0.0
(18, 18)	434	0.0
(10, 34)	435	0.0
(8, 79)	436	0.0
(2, 38)	437	0.0
(10, 35)	438	0.0
(11, 15)	439	0.0
(11, 16)	440	0.0
(8, 80)	441	0.0
(9, 62)	442	0.0
(19, 28)	443	0.0
(8, 81)	444	0.0
(8, 82)	445	0.0
(8, 83)	446	0.0
(8, 84)	447	0.0
(8, 85)	448	0.0
(13, 23)	449	0.0
(18, 19)	450	0.0
(18, 20)	451	0.0
(10, 36)	452	0.0
(4, 45)	453	0.0
(15, 19)	454	0.0
(4, 46)	455	0.0
(10, 37)	456	0.0
(18, 21)	457	0.0
(15, 20)	458	0.0
(8, 86)	459	0.0
(9, 63)	460	0.0
(10, 38)	461	0.0
(8, 87)	462	0.0
(10, 39)	463	0.0
(10, 40)	464	0.0
(11, 17)	465	0.0
(11, 18)	466	0.0
(11, 19)	467	0.0
(12, 8)	468	0.0
(13, 24)	469	0.0
(8, 88)	470	0.0
(8, 89)	471	0.0
(2, 39)	472	0.0
(2, 40)	473	0.0
(18, 22)	474	0.0
(18, 23)	475	0.0
(10, 41)	476	0.0
(4, 47)	477	0.0
(6, 5)	478	0.0
(2, 41)	479	0.0
(5, 7)	480	0.0
(5, 8)	481	0.0
(2, 42)	482	0.0
(8, 90)	483	0.0
(8, 91)	484	0.0
(8, 92)	485	0.0
(13, 25)	486	0.0
(13, 26)	487	0.0
(22, 3)	488	0.0
(25, 1)	489	0.0
(25, 2)	490	0.0
(26, 1)	491	0.0
(13, 27)	492	0.0
(13, 28)	493	0.0
(2, 43)	494	0.0
(2, 44)	495	0.0
(3, 29)	496	0.0
(8, 93)	497	0.0
(8, 94)	498	0.0
(8, 95)	499	0.0
(13, 29)	500	0.0
(2, 45)	501	0.0
(18, 24)	502	0.0
(10, 42)	503	0.0
(2, 46)	504	0.0
(8, 96)	505	0.0
(8, 97)	506	0.0
(13, 30)	507	0.0
(2, 47)	508	0.0
(2, 48)	509	0.0
(9, 64)	510	0.0
(2, 49)	511	0.0
(15, 21)	512	0.0
(4, 48)	513	0.0
(17, 6)	514	0.0
(13, 31)	515	0.0
(22, 4)	516	0.0
(22, 5)	517	0.0
(3, 30)	518	0.0
(5, 9)	519	0.0
(22, 6)	520	0.0
(8, 98)	521	0.0
(13, 32)	522	0.0
(13, 33)	523	0.0
(22, 7)	524	0.0
(22, 8)	525	0.0
(22, 9)	526	0.0
(2, 50)	527	0.0
(4, 49)	528	0.0
(8, 99)	529	0.0
(13, 34)	530	0.0
(8, 100)	531	0.0
(13, 35)	532	0.0
(22, 10)	533	0.0
(22, 11)	534	0.0
(22, 12)	535	0.0
(8, 101)	536	0.0
(8, 102)	537	0.0
(9, 65)	538	0.0
(13, 36)	539	0.0
(2, 51)	540	0.0
(2, 52)	541	0.0
(2, 53)	542	0.0
(13, 37)	543	0.0
(2, 54)	544	0.0
(2, 55)	545	0.0
(8, 103)	546	0.0
(9, 66)	547	0.0
(9, 67)	548	0.0
(10, 43)	549	0.0
(10, 44)	550	0.0
(8, 104)	551	0.0
(8, 105)	552	0.0
(2, 56)	553	0.0
(2, 57)	554	0.0
(4, 50)	555	0.0
(4, 51)	556	0.0
(8, 106)	557	0.0
(10, 45)	558	0.0
(8, 107)	559	0.0
(9, 68)	560	0.0
(9, 69)	561	0.0
(10, 46)	562	0.0
(2, 58)	563	0.0
(2, 59)	564	0.0
(17, 7)	565	0.0
(2, 60)	566	0.0
(13, 38)	567	0.0
(13, 39)	568	0.0
(22, 13)	569	0.0
(22, 14)	570	0.0
(4, 52)	571	0.0
(14, 3)	572	0.0
(9, 70)	573	0.0
(2, 61)	574	0.0
(2, 62)	575	0.0
(2, 63)	576	0.0
(2, 64)	577	0.0
(3, 31)	578	0.0
(3, 32)	579	0.0
(4, 53)	580	0.0
(8, 108)	581	0.0
(25, 3)	582	0.0
(24, 2)	583	0.0
(26, 2)	584	0.0
(8, 109)	585	0.0
(8, 110)	586	0.0
(13, 40)	587	0.0
(2, 65)	588	0.0
(4, 54)	589	0.0
(5, 10)	590	0.0
(10, 47)	591	0.0
(22, 15)	592	0.0
(25, 4)	593	0.0
(24, 3)	594	0.0
(8, 111)	595	0.0
(8, 112)	596	0.0
(9, 71)	597	0.0
(2, 66)	598	0.0
(2, 67)	599	0.0
(2, 68)	600	0.0
(3, 33)	601	0.0
(10, 48)	602	0.0
(4, 55)	603	0.0
(9, 72)	604	0.0
(8, 113)	605	0.0
(8, 114)	606	0.0
(8, 115)	607	0.0
(9, 73)	608	0.0
(4, 56)	609	0.0
(13, 41)	610	0.0
(13, 42)	611	0.0
(13, 43)	612	0.0
(22, 16)	613	0.0
(4, 57)	614	0.0
(5, 11)	615	0.0
(5, 12)	616	0.0
(13, 44)	617	0.0
(13, 45)	618	0.0
(13, 46)	619	0.0
(2, 69)	620	0.0
(2, 70)	621	0.0
(14, 4)	622	0.0
(13, 47)	623	0.0
(13, 48)	624	0.0
(2, 71)	625	0.0
(2, 72)	626	0.0
(10, 49)	627	0.0
(11, 20)	628	0.0
(11, 21)	629	0.0
(8, 116)	630	0.0
(9, 74)	631	0.0
(2, 73)	632	0.0
(10, 50)	633	0.0
(13, 49)	634	0.0
(13, 50)	635	0.0
(2, 74)	636	0.0
(2, 75)	637	0.0
(2, 76)	638	0.0
(3, 34)	639	0.0
(2, 77)	640	0.0
(3, 35)	641	0.0
(2, 78)	642	0.0
(2, 79)	643	0.0
(2, 80)	644	0.0
(3, 36)	645	0.0
(24, 4)	646	0.0
(8, 117)	647	0.0
(9, 75)	648	0.0
(9, 76)	649	0.0
(19, 29)	650	0.0
(10, 51)	651	0.0
(11, 22)	652	0.0
(12, 9)	653	0.0
(3, 37)	654	0.0
(3, 38)	655	0.0
(8, 118)	656	0.0
(9, 77)	657	0.0
(9, 78)	658	0.0
(9, 79)	659	0.0
(9, 80)	660	0.0
(9, 81)	661	0.0
(4, 58)	662	0.0
(9, 82)	663	0.0
(18, 25)	664	0.0
(10, 52)	665	0.0
(10, 53)	666	0.0
(8, 119)	667	0.0
(13, 51)	668	0.0
(2, 81)	669	0.0
(4, 59)	670	0.0
(8, 120)	671	0.0
(8, 121)	672	0.0
(13, 52)	673	0.0
(22, 17)	674	0.0
(22, 18)	675	0.0
(3, 39)	676	0.0
(10, 54)	677	0.0
(11, 23)	678	0.0
(8, 122)	679	0.0
(9, 83)	680	0.0
(10, 55)	681	0.0
(11, 24)	682	0.0
(8, 123)	683	0.0
(2, 82)	684	0.0
(10, 56)	685	0.0
(12, 10)	686	0.0
(8, 124)	687	0.0
(9, 84)	688	0.0
(9, 85)	689	0.0
(2, 83)	690	0.0
(10, 57)	691	0.0
(11, 25)	692	0.0
(9, 86)	693	0.0
(9, 87)	694	0.0
(9, 88)	695	0.0
(19, 30)	696	0.0
(19, 31)	697	0.0
(20, 12)	698	0.0
(8, 125)	699	0.0
(2, 84)	700	0.0
(8, 126)	701	0.0
(2, 85)	702	0.0
(2, 86)	703	0.0
(9, 89)	704	0.0
(9, 90)	705	0.0
(2, 87)	706	0.0
(10, 58)	707	0.0
(11, 26)	708	0.0
(11, 27)	709	0.0
(8, 127)	710	0.0
(8, 128)	711	0.0
(9, 91)	712	0.0
(2, 88)	713	0.0
(2, 89)	714	0.0
(3, 40)	715	0.0
(2, 90)	716	0.0
(13, 53)	717	0.0
(2, 91)	718	0.0
(2, 92)	719	0.0
(2, 93)	720	0.0
(11, 28)	721	0.0
(8, 129)	722	0.0
(13, 54)	723	0.0
(22, 19)	724	0.0
(3, 41)	725	0.0
(24, 5)	726	0.0
(2, 94)	727	0.0
(2, 95)	728	0.0
(2, 96)	729	0.0
(10, 59)	730	0.0
(8, 130)	731	0.0
(9, 92)	732	0.0
(4, 60)	733	0.0
(13, 55)	734	0.0
(13, 56)	735	0.0
(13, 57)	736	0.0
(2, 97)	737	0.0
(3, 42)	738	0.0
(8, 131)	739	0.0
(8, 132)	740	0.0
(3, 43)	741	0.0
(3, 44)	742	0.0
(2, 98)	743	0.0
(8, 133)	744	0.0
(8, 134)	745	0.0
(10, 60)	746	0.0
(4, 61)	747	0.0
(2, 99)	748	0.0
(3, 45)	749	0.0
(3, 46)	750	0.0
(4, 62)	751	0.0
(13, 58)	752	0.0
(2, 100)	753	0.0
(2, 101)	754	0.0
(2, 102)	755	0.0
(3, 47)	756	0.0
(4, 63)	757	0.0
(4, 64)	758	0.0
(8, 135)	759	0.0
(2, 103)	760	0.0
(2, 104)	761	0.0
(2, 105)	762	0.0
(8, 136)	763	0.0
(8, 137)	764	0.0
(8, 138)	765	0.0
(9, 93)	766	0.0
(10, 61)	767	0.0
(8, 139)	768	0.0
(9, 94)	769	0.0
(2, 106)	770	0.0
(2, 107)	771	0.0
(2, 108)	772	0.0
(10, 62)	773	0.0
(10, 63)	774	0.0
(11, 29)	775	0.0
(12, 11)	776	0.0
(13, 59)	777	0.0
(13, 60)	778	0.0
(13, 61)	779	0.0
(2, 109)	780	0.0
(10, 64)	781	0.0
(8, 140)	782	0.0
(13, 62)	783	0.0
(13, 63)	784	0.0
(22, 20)	785	0.0
(22, 21)	786	0.0
(3, 48)	787	0.0
(3, 49)	788	0.0
(8, 141)	789	0.0
(18, 26)	790	0.0
(8, 142)	791	0.0
(8, 143)	792	0.0
(13, 64)	793	0.0
(13, 65)	794	0.0
(13, 66)	795	0.0
(13, 67)	796	0.0
(13, 68)	797	0.0
(8, 144)	798	0.0
(13, 69)	799	0.0
(13, 70)	800	0.0
(3, 50)	801	0.0
(8, 145)	802	0.0
(18, 27)	803	0.0
(10, 65)	804	0.0
(4, 65)	805	0.0
(2, 110)	806	0.0
(3, 51)	807	0.0
(8, 146)	808	0.0
(9, 95)	809	0.0
(8, 147)	810	0.0
(8, 148)	811	0.0
(13, 71)	812	0.0
(4, 66)	813	0.0
(9, 96)	814	0.0
(2, 111)	815	0.0
(2, 112)	816	0.0
(3, 52)	817	0.0
(4, 67)	818	0.0
(8, 149)	819	0.0
(4, 68)	820	0.0
(22, 22)	821	0.0
(8, 150)	822	0.0
(10, 66)	823	0.0
(4, 69)	824	0.0
(3, 53)	825	0.0
(4, 70)	826	0.0
(4, 71)	827	0.0
(4, 72)	828	0.0
(18, 28)	829	0.0
(2, 113)	830	0.0
(18, 29)	831	0.0
(2, 114)	832	0.0
(10, 67)	833	0.0
(8, 151)	834	0.0
(13, 72)	835	0.0
(18, 30)	836	0.0
(2, 115)	837	0.0
(3, 54)	838	0.0
(3, 55)	839	0.0
(13, 73)	840	0.0
(3, 56)	841	0.0
(8, 152)	842	0.0
(2, 116)	843	0.0
(2, 117)	844	0.0
(11, 30)	845	0.0
(8, 153)	846	0.0
(3, 57)	847	0.0
(3, 58)	848	0.0
(2, 118)	849	0.0
(9, 97)	850	0.0
(2, 119)	851	0.0
(3, 59)	852	0.0
(2, 120)	853	0.0
(10, 68)	854	0.0
(4, 73)	855	0.0
(2, 121)	856	0.0
(2, 122)	857	0.0
(10, 69)	858	0.0
(13, 74)	859	0.0
(13, 75)	860	0.0
(2, 123)	861	0.0
(8, 154)	862	0.0
(2, 124)	863	0.0
(10, 70)	864	0.0
(2, 125)	865	0.0
(2, 126)	866	0.0
(2, 127)	867	0.0
(2, 128)	868	0.0
(10, 71)	869	0.0
(11, 31)	870	0.0
(8, 155)	871	0.0
(8, 156)	872	0.0
(13, 76)	873	0.0
(22, 23)	874	0.0
(3, 60)	875	0.0
(2, 129)	876	0.0
(3, 61)	877	0.0
(13, 77)	878	0.0
(13, 78)	879	0.0
(2, 130)	880	0.0
(2, 131)	881	0.0
(3, 62)	882	0.0
(18, 31)	883	0.0
(18, 32)	884	0.0
(8, 157)	885	0.0
(9, 98)	886	0.0
(8, 158)	887	0.0
(18, 33)	888	0.0
(8, 159)	889	0.0
(4, 74)	890	0.0
(18, 34)	891	0.0
(10, 72)	892	0.0
(18, 35)	893	0.0
(10, 73)	894	0.0
(8, 160)	895	0.0
(9, 99)	896	0.0
(10, 74)	897	0.0
(10, 75)	898	0.0
(10, 76)	899	0.0
(11, 32)	900	0.0
(8, 161)	901	0.0
(9, 100)	902	0.0
(10, 77)	903	0.0
(10, 78)	904	0.0
(18, 36)	905	0.0
(3, 63)	906	0.0
(2, 132)	907	0.0
(3, 64)	908	0.0
(13, 79)	909	0.0
(18, 37)	910	0.0
(3, 65)	911	0.0
(9, 101)	912	0.0
(11, 33)	913	0.0
(2, 133)	914	0.0
(18, 38)	915	0.0
(18, 39)	916	0.0
(8, 162)	917	0.0
(8, 163)	918	0.0
(13, 80)	919	0.0
(3, 66)	920	0.0
(4, 75)	921	0.0
(2, 134)	922	0.0
(10, 79)	923	0.0
(11, 34)	924	0.0
(13, 81)	925	0.0
(2, 135)	926	0.0
(11, 35)	927	0.0
(8, 164)	928	0.0
(13, 82)	929	0.0
(13, 83)	930	0.0
(13, 84)	931	0.0
(12, 12)	932	0.0
(8, 165)	933	0.0
(9, 102)	934	0.0
(2, 136)	935	0.0
(8, 166)	936	0.0
(8, 167)	937	0.0
(9, 103)	938	0.0
(8, 168)	939	0.0
(9, 104)	940	0.0
(18, 40)	941	0.0
(10, 80)	942	0.0
(8, 169)	943	0.0
(8, 170)	944	0.0
(8, 171)	945	0.0
(18, 41)	946	0.0
(10, 81)	947	0.0
(9, 105)	948	0.0
(18, 42)	949	0.0
(18, 43)	950	0.0
(18, 44)	951	0.0
(10, 82)	952	0.0
(10, 83)	953	0.0
(10, 84)	954	0.0
(11, 36)	955	0.0
(9, 106)	956	0.0
(9, 107)	957	0.0
(9, 108)	958	0.0
(9, 109)	959	0.0
(9, 110)	960	0.0
(19, 32)	961	0.0
(21, 7)	962	0.0
(13, 85)	963	0.0
(2, 137)	964	0.0
(2, 138)	965	0.0
(8, 172)	966	0.0
(8, 173)	967	0.0
(13, 86)	968	0.0
(10, 85)	969	0.0
(11, 37)	970	0.0
(8, 174)	971	0.0
(9, 111)	972	0.0
(18, 45)	973	0.0
(9, 112)	974	0.0
(9, 113)	975	0.0
(10, 86)	976	0.0
(8, 175)	977	0.0
(9, 114)	978	0.0
(9, 115)	979	0.0
(10, 87)	980	0.0
(3, 67)	981	0.0
(3, 68)	982	0.0
(24, 6)	983	0.0
(8, 176)	984	0.0
(8, 177)	985	0.0
(2, 139)	986	0.0
(8, 178)	987	0.0
(8, 179)	988	0.0
(9, 116)	989	0.0
(9, 117)	990	0.0
(18, 46)	991	0.0
(2, 140)	992	0.0
(2, 141)	993	0.0
(10, 88)	994	0.0
(8, 180)	995	0.0
(9, 118)	996	0.0
(19, 33)	997	0.0
(19, 34)	998	0.0
(13, 87)	999	0.0
(8, 181)	1000	0.0
(9, 119)	1001	0.0
(2, 142)	1002	0.0
(2, 143)	1003	0.0
(11, 38)	1004	0.0
(11, 39)	1005	0.0
(13, 88)	1006	0.0
(22, 24)	1007	0.0
(13, 89)	1008	0.0
(13, 90)	1009	0.0
(22, 25)	1010	0.0
(22, 26)	1011	0.0
(22, 27)	1012	0.0
(22, 28)	1013	0.0
(9, 120)	1014	0.0
(2, 144)	1015	0.0
(8, 182)	1016	0.0
(9, 121)	1017	0.0
(9, 122)	1018	0.0
(18, 47)	1019	0.0
(8, 183)	1020	0.0
(18, 48)	1021	0.0
(8, 184)	1022	0.0
(8, 185)	1023	0.0
(13, 91)	1024	0.0
(13, 92)	1025	0.0
(22, 29)	1026	0.0
(22, 30)	1027	0.0
(18, 49)	1028	0.0
(10, 89)	1029	0.0
(10, 90)	1030	0.0
(4, 76)	1031	0.0
(8, 186)	1032	0.0
(8, 187)	1033	0.0
(3, 69)	1034	0.0
(3, 70)	1035	0.0
(8, 188)	1036	0.0
(8, 189)	1037	0.0
(18, 50)	1038	0.0
(8, 190)	1039	0.0
(9, 123)	1040	0.0
(4, 77)	1041	0.0
(9, 124)	1042	0.0
(18, 51)	1043	0.0
(18, 52)	1044	0.0
(18, 53)	1045	0.0
(10, 91)	1046	0.0
(4, 78)	1047	0.0
(18, 54)	1048	0.0
(8, 191)	1049	0.0
(13, 93)	1050	0.0
(22, 31)	1051	0.0
(4, 79)	1052	0.0
(8, 192)	1053	0.0
(18, 55)	1054	0.0
(10, 92)	1055	0.0
(3, 71)	1056	0.0
(3, 72)	1057	0.0
(8, 193)	1058	0.0
(9, 125)	1059	0.0
(19, 35)	1060	0.0
(12, 13)	1061	0.0
(8, 194)	1062	0.0
(9, 126)	1063	0.0
(9, 127)	1064	0.0
(9, 128)	1065	0.0
(9, 129)	1066	0.0
(9, 130)	1067	0.0
(19, 36)	1068	0.0
(19, 37)	1069	0.0
(10, 93)	1070	0.0
(11, 40)	1071	0.0
(12, 14)	1072	0.0
(9, 131)	1073	0.0
(9, 132)	1074	0.0
(19, 38)	1075	0.0
(19, 39)	1076	0.0
(10, 94)	1077	0.0
(8, 195)	1078	0.0
(8, 196)	1079	0.0
(8, 197)	1080	0.0
(9, 133)	1081	0.0
(9, 134)	1082	0.0
(19, 40)	1083	0.0
(8, 198)	1084	0.0
(19, 41)	1085	0.0
(8, 199)	1086	0.0
(8, 200)	1087	0.0
(9, 135)	1088	0.0
(10, 95)	1089	0.0
(8, 201)	1090	0.0
(8, 202)	1091	0.0
(19, 42)	1092	0.0
(8, 203)	1093	0.0
(9, 136)	1094	0.0
(9, 137)	1095	0.0
(9, 138)	1096	0.0
(8, 204)	1097	0.0
(8, 205)	1098	0.0
(8, 206)	1099	0.0
(9, 139)	1100	0.0
(9, 140)	1101	0.0
(12, 15)	1102	0.0
(8, 207)	1103	0.0
(2, 145)	1104	0.0
(10, 96)	1105	0.0
(10, 97)	1106	0.0
(18, 56)	1107	0.0
(18, 57)	1108	0.0
(10, 98)	1109	0.0
(10, 99)	1110	0.0
(10, 100)	1111	0.0
(19, 43)	1112	0.0
(19, 44)	1113	0.0
(21, 8)	1114	0.0
(8, 208)	1115	0.0
(2, 146)	1116	0.0
(10, 101)	1117	0.0
(8, 209)	1118	0.0
(9, 141)	1119	0.0
(9, 142)	1120	0.0
(9, 143)	1121	0.0
(19, 45)	1122	0.0
(11, 41)	1123	0.0
(8, 210)	1124	0.0
(13, 94)	1125	0.0
(13, 95)	1126	0.0
(13, 96)	1127	0.0
(22, 32)	1128	0.0
(4, 80)	1129	0.0
(8, 211)	1130	0.0
(13, 97)	1131	0.0
(13, 98)	1132	0.0
(18, 58)	1133	0.0
(10, 102)	1134	0.0
(19, 46)	1135	0.0
(10, 103)	1136	0.0
(11, 42)	1137	0.0
(12, 16)	1138	0.0
(9, 144)	1139	0.0
(9, 145)	1140	0.0
(19, 47)	1141	0.0
(20, 13)	1142	0.0
(20, 14)	1143	0.0
(21, 9)	1144	0.0
(4, 81)	1145	0.0
(5, 13)	1146	0.0
(6, 6)	1147	0.0
(13, 99)	1148	0.0
(15, 22)	1149	0.0
(2, 147)	1150	0.0
(2, 148)	1151	0.0
(13, 100)	1152	0.0
(13, 101)	1153	0.0
(13, 102)	1154	0.0
(2, 149)	1155	0.0
(4, 82)	1156	0.0
(5, 14)	1157	0.0
(8, 212)	1158	0.0
(8, 213)	1159	0.0
(3, 73)	1160	0.0
(13, 103)	1161	0.0
(13, 104)	1162	0.0
(13, 105)	1163	0.0
(13, 106)	1164	0.0
(22, 33)	1165	0.0
(2, 150)	1166	0.0
(2, 151)	1167	0.0
(11, 43)	1168	0.0
(13, 107)	1169	0.0
(3, 74)	1170	0.0
(24, 7)	1171	0.0
(26, 3)	1172	0.0
(13, 108)	1173	0.0
(3, 75)	1174	0.0
(3, 76)	1175	0.0
(24, 8)	1176	0.0
(24, 9)	1177	0.0
(3, 77)	1178	0.0
(4, 83)	1179	0.0
(2, 152)	1180	0.0
(2, 153)	1181	0.0
(4, 84)	1182	0.0
(4, 85)	1183	0.0
(5, 15)	1184	0.0
(5, 16)	1185	0.0
(8, 214)	1186	0.0
(2, 154)	1187	0.0
(18, 59)	1188	0.0
(18, 60)	1189	0.0
(18, 61)	1190	0.0
(11, 44)	1191	0.0
(2, 155)	1192	0.0
(2, 156)	1193	0.0
(27, 1)	1194	0.0
(13, 109)	1195	0.0
(18, 62)	1196	0.0
(10, 104)	1197	0.0
(11, 45)	1198	0.0
(11, 46)	1199	0.0
(2, 157)	1200	0.0
(18, 63)	1201	0.0
(11, 47)	1202	0.0
(11, 48)	1203	0.0
(11, 49)	1204	0.0
(8, 215)	1205	0.0
(13, 110)	1206	0.0
(2, 158)	1207	0.0
(3, 78)	1208	0.0
(3, 79)	1209	0.0
(8, 216)	1210	0.0
(2, 159)	1211	0.0
(13, 111)	1212	0.0
(2, 160)	1213	0.0
(3, 80)	1214	0.0
(8, 217)	1215	0.0
(10, 105)	1216	0.0
(3, 81)	1217	0.0
(22, 34)	1218	0.0
(24, 10)	1219	0.0
(8, 218)	1220	0.0
(18, 64)	1221	0.0
(18, 65)	1222	0.0
(2, 161)	1223	0.0
(8, 219)	1224	0.0
(3, 82)	1225	0.0
(5, 17)	1226	0.0
(5, 18)	1227	0.0
(9, 146)	1228	0.0
(19, 48)	1229	0.0
(9, 147)	1230	0.0
(18, 66)	1231	0.0
(13, 112)	1232	0.0
(2, 162)	1233	0.0
(9, 148)	1234	0.0
(3, 83)	1235	0.0
(24, 11)	1236	0.0
(13, 113)	1237	0.0
(8, 220)	1238	0.0
(2, 163)	1239	0.0
(2, 164)	1240	0.0
(11, 50)	1241	0.0
(11, 51)	1242	0.0
(2, 165)	1243	0.0
(11, 52)	1244	0.0
(4, 86)	1245	0.0
(13, 114)	1246	0.0
(13, 115)	1247	0.0
(2, 166)	1248	0.0
(13, 116)	1249	0.0
(22, 35)	1250	0.0
(8, 221)	1251	0.0
(13, 117)	1252	0.0
(10, 106)	1253	0.0
(2, 167)	1254	0.0
(13, 118)	1255	0.0
(13, 119)	1256	0.0
(13, 120)	1257	0.0
(2, 168)	1258	0.0
(3, 84)	1259	0.0
(2, 169)	1260	0.0
(2, 170)	1261	0.0
(2, 171)	1262	0.0
(4, 87)	1263	0.0
(13, 121)	1264	0.0
(13, 122)	1265	0.0
(13, 123)	1266	0.0
(2, 172)	1267	0.0
(2, 173)	1268	0.0
(2, 174)	1269	0.0
(2, 175)	1270	0.0
(10, 107)	1271	0.0
(9, 149)	1272	0.0
(13, 124)	1273	0.0
(8, 222)	1274	0.0
(8, 223)	1275	0.0
(8, 224)	1276	0.0
(8, 225)	1277	0.0
(8, 226)	1278	0.0
(8, 227)	1279	0.0
(8, 228)	1280	0.0
(9, 150)	1281	0.0
(2, 176)	1282	0.0
(13, 125)	1283	0.0
(2, 177)	1284	0.0
(3, 85)	1285	0.0
(2, 178)	1286	0.0
(8, 229)	1287	0.0
(8, 230)	1288	0.0
(8, 231)	1289	0.0
(8, 232)	1290	0.0
(9, 151)	1291	0.0
(9, 152)	1292	0.0
(2, 179)	1293	0.0
(2, 180)	1294	0.0
(8, 233)	1295	0.0
(13, 126)	1296	0.0
(3, 86)	1297	0.0
(8, 234)	1298	0.0
(8, 235)	1299	0.0
(8, 236)	1300	0.0
(8, 237)	1301	0.0
(9, 153)	1302	0.0
(9, 154)	1303	0.0
(8, 238)	1304	0.0
(13, 127)	1305	0.0
(13, 128)	1306	0.0
(3, 87)	1307	0.0
(18, 67)	1308	0.0
(8, 239)	1309	0.0
(9, 155)	1310	0.0
(8, 240)	1311	0.0
(9, 156)	1312	0.0
(3, 88)	1313	0.0
(8, 241)	1314	0.0
(13, 129)	1315	0.0
(22, 36)	1316	0.0
(3, 89)	1317	0.0
(9, 157)	1318	0.0
(2, 181)	1319	0.0
(10, 108)	1320	0.0
(12, 17)	1321	0.0
(4, 88)	1322	0.0
(9, 158)	1323	0.0
(2, 182)	1324	0.0
(2, 183)	1325	0.0
(5, 19)	1326	0.0
(9, 159)	1327	0.0
(3, 90)	1328	0.0
(8, 242)	1329	0.0
(8, 243)	1330	0.0
(9, 160)	1331	0.0
(8, 244)	1332	0.0
(18, 68)	1333	0.0
(18, 69)	1334	0.0
(18, 70)	1335	0.0
(9, 161)	1336	0.0
(2, 184)	1337	0.0
(2, 185)	1338	0.0
(2, 186)	1339	0.0
(8, 245)	1340	0.0
(13, 130)	1341	0.0
(2, 187)	1342	0.0
(8, 246)	1343	0.0
(3, 91)	1344	0.0
(4, 89)	1345	0.0
(8, 247)	1346	0.0
(13, 131)	1347	0.0
(8, 248)	1348	0.0
(8, 249)	1349	0.0
(13, 132)	1350	0.0
(22, 37)	1351	0.0
(24, 12)	1352	0.0
(2, 188)	1353	0.0
(13, 133)	1354	0.0
(8, 250)	1355	0.0
(13, 134)	1356	0.0
(13, 135)	1357	0.0
(3, 92)	1358	0.0
(3, 93)	1359	0.0
(3, 94)	1360	0.0
(24, 13)	1361	0.0
(26, 4)	1362	0.0
(15, 23)	1363	0.0
(22, 38)	1364	0.0
(8, 251)	1365	0.0
(8, 252)	1366	0.0
(8, 253)	1367	0.0
(13, 136)	1368	0.0
(18, 71)	1369	0.0
(9, 162)	1370	0.0
(19, 49)	1371	0.0
(8, 254)	1372	0.0
(19, 50)	1373	0.0
(10, 109)	1374	0.0
(8, 255)	1375	0.0
(19, 51)	1376	0.0
(9, 163)	1377	0.0
(19, 52)	1378	0.0
(19, 53)	1379	0.0
(19, 54)	1380	0.0
(10, 110)	1381	0.0
(8, 256)	1382	0.0
(19, 55)	1383	0.0
(8, 257)	1384	0.0
(9, 164)	1385	0.0
(10, 111)	1386	0.0
(18, 72)	1387	0.0
(18, 73)	1388	0.0
(3, 95)	1389	0.0
(3, 96)	1390	0.0
(3, 97)	1391	0.0
(3, 98)	1392	0.0
(24, 14)	1393	0.0
(10, 112)	1394	0.0
(18, 74)	1395	0.0
(18, 75)	1396	0.0
(8, 258)	1397	0.0
(13, 137)	1398	0.0
(22, 39)	1399	0.0
(22, 40)	1400	0.0
(22, 41)	1401	0.0
(24, 15)	1402	0.0
(26, 5)	1403	0.0
(2, 189)	1404	0.0
(13, 138)	1405	0.0
(2, 190)	1406	0.0
(24, 16)	1407	0.0
(24, 17)	1408	0.0
(9, 165)	1409	0.0
(2, 191)	1410	0.0
(4, 90)	1411	0.0
(2, 192)	1412	0.0
(13, 139)	1413	0.0
(13, 140)	1414	0.0
(2, 193)	1415	0.0
(2, 194)	1416	0.0
(10, 113)	1417	0.0
(16, 2)	1418	0.0
(13, 141)	1419	0.0
(9, 166)	1420	0.0
(2, 195)	1421	0.0
(2, 196)	1422	0.0
(2, 197)	1423	0.0
(3, 99)	1424	0.0
(8, 259)	1425	0.0
(4, 91)	1426	0.0
(4, 92)	1427	0.0
(15, 24)	1428	0.0
(8, 260)	1429	0.0
(8, 261)	1430	0.0
(9, 167)	1431	0.0
(3, 100)	1432	0.0
(4, 93)	1433	0.0
(4, 94)	1434	0.0
(8, 262)	1435	0.0
(2, 198)	1436	0.0
(2, 199)	1437	0.0
(4, 95)	1438	0.0
(4, 96)	1439	0.0
(4, 97)	1440	0.0
(13, 142)	1441	0.0
(2, 200)	1442	0.0
(4, 98)	1443	0.0
(4, 99)	1444	0.0
(4, 100)	1445	0.0
(6, 7)	1446	0.0
(8, 263)	1447	0.0
(4, 101)	1448	0.0
(13, 143)	1449	0.0
(13, 144)	1450	0.0
(13, 145)	1451	0.0
(22, 42)	1452	0.0
(25, 5)	1453	0.0
(24, 18)	1454	0.0
(8, 264)	1455	0.0
(3, 101)	1456	0.0
(13, 146)	1457	0.0
(13, 147)	1458	0.0
(2, 201)	1459	0.0
(10, 114)	1460	0.0
(13, 148)	1461	0.0
(13, 149)	1462	0.0
(22, 43)	1463	0.0
(3, 102)	1464	0.0
(8, 265)	1465	0.0
(13, 150)	1466	0.0
(2, 202)	1467	0.0
(2, 203)	1468	0.0
(3, 103)	1469	0.0
(13, 151)	1470	0.0
(2, 204)	1471	0.0
(2, 205)	1472	0.0
(3, 104)	1473	0.0
(2, 206)	1474	0.0
(4, 102)	1475	0.0
(13, 152)	1476	0.0
(2, 207)	1477	0.0
(3, 105)	1478	0.0
(8, 266)	1479	0.0
(8, 267)	1480	0.0
(8, 268)	1481	0.0
(9, 168)	1482	0.0
(3, 106)	1483	0.0
(3, 107)	1484	0.0
(2, 208)	1485	0.0
(13, 153)	1486	0.0
(22, 44)	1487	0.0
(3, 108)	1488	0.0
(22, 45)	1489	0.0
(25, 6)	1490	0.0
(13, 154)	1491	0.0
(2, 209)	1492	0.0
(18, 76)	1493	0.0
(18, 77)	1494	0.0
(23, 3)	1495	0.0
(18, 78)	1496	0.0
(23, 4)	1497	0.0
(18, 79)	1498	0.0
(17, 8)	1499	0.0
(13, 155)	1500	0.0
(23, 5)	1501	0.0
(2, 210)	1502	0.0
(2, 211)	1503	0.0
(8, 269)	1504	0.0
(20, 15)	1505	0.0
(2, 212)	1506	0.0
(2, 213)	1507	0.0
(12, 18)	1508	0.0
(8, 270)	1509	0.0
(8, 271)	1510	0.0
(2, 214)	1511	0.0
(2, 215)	1512	0.0
(8, 272)	1513	0.0
(2, 216)	1514	0.0
(2, 217)	1515	0.0
(3, 109)	1516	0.0
(8, 273)	1517	0.0
(8, 274)	1518	0.0
(2, 218)	1519	0.0
(2, 219)	1520	0.0
(13, 156)	1521	0.0
(11, 53)	1522	0.0
(8, 275)	1523	0.0
(3, 110)	1524	0.0
(3, 111)	1525	0.0
(13, 157)	1526	0.0
(10, 115)	1527	0.0
(3, 112)	1528	0.0
(24, 19)	1529	0.0
(3, 113)	1530	0.0
(3, 114)	1531	0.0
(4, 103)	1532	0.0
(13, 158)	1533	0.0
(13, 159)	1534	0.0
(22, 46)	1535	0.0
(3, 115)	1536	0.0
(3, 116)	1537	0.0
(13, 160)	1538	0.0
(22, 47)	1539	0.0
(2, 220)	1540	0.0
(4, 104)	1541	0.0
(13, 161)	1542	0.0
(10, 116)	1543	0.0
(10, 117)	1544	0.0
(13, 162)	1545	0.0
(2, 221)	1546	0.0
(11, 54)	1547	0.0
(2, 222)	1548	0.0
(2, 223)	1549	0.0
(13, 163)	1550	0.0
(3, 117)	1551	0.0
(4, 105)	1552	0.0
(18, 80)	1553	0.0
(8, 276)	1554	0.0
(13, 164)	1555	0.0
(22, 48)	1556	0.0
(13, 165)	1557	0.0
(13, 166)	1558	0.0
(3, 118)	1559	0.0
(3, 119)	1560	0.0
(2, 224)	1561	0.0
(2, 225)	1562	0.0
(2, 226)	1563	0.0
(3, 120)	1564	0.0
(2, 227)	1565	0.0
(2, 228)	1566	0.0
(2, 229)	1567	0.0
(13, 167)	1568	0.0
(3, 121)	1569	0.0
(3, 122)	1570	0.0
(4, 106)	1571	0.0
(2, 230)	1572	0.0
(8, 277)	1573	0.0
(2, 231)	1574	0.0
(10, 118)	1575	0.0
(11, 55)	1576	0.0
(11, 56)	1577	0.0
(9, 169)	1578	0.0
(13, 168)	1579	0.0
(4, 107)	1580	0.0
(10, 119)	1581	0.0
(13, 169)	1582	0.0
(13, 170)	1583	0.0
(22, 49)	1584	0.0
(24, 20)	1585	0.0
(4, 108)	1586	0.0
(13, 171)	1587	0.0
(13, 172)	1588	0.0
(22, 50)	1589	0.0
(3, 123)	1590	0.0
(13, 173)	1591	0.0
(13, 174)	1592	0.0
(25, 7)	1593	0.0
(24, 21)	1594	0.0
(22, 51)	1595	0.0
(2, 232)	1596	0.0
(3, 124)	1597	0.0
(3, 125)	1598	0.0
(2, 233)	1599	0.0
(3, 126)	1600	0.0
(13, 175)	1601	0.0
(3, 127)	1602	0.0
(13, 176)	1603	0.0
(3, 128)	1604	0.0
(3, 129)	1605	0.0
(3, 130)	1606	0.0
(13, 177)	1607	0.0
(13, 178)	1608	0.0
(22, 52)	1609	0.0
(2, 234)	1610	0.0
(3, 131)	1611	0.0
(3, 132)	1612	0.0
(3, 133)	1613	0.0
(4, 109)	1614	0.0
(8, 278)	1615	0.0
(3, 134)	1616	0.0
(3, 135)	1617	0.0
(5, 20)	1618	0.0
(5, 21)	1619	0.0
(2, 235)	1620	0.0
(13, 179)	1621	0.0
(2, 236)	1622	0.0
(2, 237)	1623	0.0
(3, 136)	1624	0.0
(13, 180)	1625	0.0
(13, 181)	1626	0.0
(2, 238)	1627	0.0
(10, 120)	1628	0.0
(4, 110)	1629	0.0
(18, 81)	1630	0.0
(15, 25)	1631	0.0
(18, 82)	1632	0.0
(2, 239)	1633	0.0
(10, 121)	1634	0.0
(13, 182)	1635	0.0
(13, 183)	1636	0.0
(22, 53)	1637	0.0
(24, 22)	1638	0.0
(8, 279)	1639	0.0
(10, 122)	1640	0.0
(22, 54)	1641	0.0
(28, 1)	1642	0.0
(13, 184)	1643	0.0
(13, 185)	1644	0.0
(8, 280)	1645	0.0
(2, 240)	1646	0.0
(8, 281)	1647	0.0
(13, 186)	1648	0.0
(2, 241)	1649	0.0
(2, 242)	1650	0.0
(3, 137)	1651	0.0
(9, 170)	1652	0.0
(18, 83)	1653	0.0
(2, 243)	1654	0.0
(3, 138)	1655	0.0
(3, 139)	1656	0.0
(8, 282)	1657	0.0
(2, 244)	1658	0.0
(3, 140)	1659	0.0
(3, 141)	1660	0.0
(8, 283)	1661	0.0
(8, 284)	1662	0.0
(8, 285)	1663	0.0
(13, 187)	1664	0.0
(4, 111)	1665	0.0
(2, 245)	1666	0.0
(8, 286)	1667	0.0
(2, 246)	1668	0.0
(13, 188)	1669	0.0
(2, 247)	1670	0.0
(8, 287)	1671	0.0
(22, 55)	1672	0.0
(4, 112)	1673	0.0
(4, 113)	1674	0.0
(18, 84)	1675	0.0
(4, 114)	1676	0.0
(10, 123)	1677	0.0
(18, 85)	1678	0.0
(4, 115)	1679	0.0
(4, 116)	1680	0.0
(8, 288)	1681	0.0
(3, 142)	1682	0.0
(3, 143)	1683	0.0
(8, 289)	1684	0.0
(13, 189)	1685	0.0
(3, 144)	1686	0.0
(8, 290)	1687	0.0
(22, 56)	1688	0.0
(3, 145)	1689	0.0
(22, 57)	1690	0.0
(22, 58)	1691	0.0
(25, 8)	1692	0.0
(8, 291)	1693	0.0
(3, 146)	1694	0.0
(2, 248)	1695	0.0
(8, 292)	1696	0.0
(2, 249)	1697	0.0
(10, 124)	1698	0.0
(9, 171)	1699	0.0
(2, 250)	1700	0.0
(10, 125)	1701	0.0
(2, 251)	1702	0.0
(13, 190)	1703	0.0
(2, 252)	1704	0.0
(2, 253)	1705	0.0
(10, 126)	1706	0.0
(4, 117)	1707	0.0
(18, 86)	1708	0.0
(18, 87)	1709	0.0
(10, 127)	1710	0.0
(11, 57)	1711	0.0
(2, 254)	1712	0.0
(2, 255)	1713	0.0
(2, 256)	1714	0.0
(18, 88)	1715	0.0
(18, 89)	1716	0.0
(2, 257)	1717	0.0
(3, 147)	1718	0.0
(3, 148)	1719	0.0
(2, 258)	1720	0.0
(4, 118)	1721	0.0
(2, 259)	1722	0.0
(3, 149)	1723	0.0
(2, 260)	1724	0.0
(2, 261)	1725	0.0
(5, 22)	1726	0.0
(14, 5)	1727	0.0
(24, 23)	1728	0.0
(5, 23)	1729	0.0
(3, 150)	1730	0.0
(8, 293)	1731	0.0
(8, 294)	1732	0.0
(13, 191)	1733	0.0
(2, 262)	1734	0.0
(8, 295)	1735	0.0
(10, 128)	1736	0.0
(11, 58)	1737	0.0
(13, 192)	1738	0.0
(18, 90)	1739	0.0
(18, 91)	1740	0.0
(8, 296)	1741	0.0
(13, 193)	1742	0.0
(8, 297)	1743	0.0
(13, 194)	1744	0.0
(8, 298)	1745	0.0
(9, 172)	1746	0.0
(18, 92)	1747	0.0
(9, 173)	1748	0.0
(2, 263)	1749	0.0
(13, 195)	1750	0.0
(24, 24)	1751	0.0
(3, 151)	1752	0.0
(3, 152)	1753	0.0
(13, 196)	1754	0.0
(24, 25)	1755	0.0
(2, 264)	1756	0.0
(2, 265)	1757	0.0
(10, 129)	1758	0.0
(10, 130)	1759	0.0
(12, 19)	1760	0.0
(13, 197)	1761	0.0
(2, 266)	1762	0.0
(24, 26)	1763	0.0
(2, 267)	1764	0.0
(13, 198)	1765	0.0
(3, 153)	1766	0.0
(2, 268)	1767	0.0
(2, 269)	1768	0.0
(8, 299)	1769	0.0
(2, 270)	1770	0.0
(2, 271)	1771	0.0
(2, 272)	1772	0.0
(2, 273)	1773	0.0
(2, 274)	1774	0.0
(8, 300)	1775	0.0
(10, 131)	1776	0.0
(2, 275)	1777	0.0
(18, 93)	1778	0.0
(10, 132)	1779	0.0
(18, 94)	1780	0.0
(2, 276)	1781	0.0
(18, 95)	1782	0.0
(10, 133)	1783	0.0
(10, 134)	1784	0.0
(13, 199)	1785	0.0
(13, 200)	1786	0.0
(13, 201)	1787	0.0
(18, 96)	1788	0.0
(18, 97)	1789	0.0
(10, 135)	1790	0.0
(4, 119)	1791	0.0
(18, 98)	1792	0.0
(18, 99)	1793	0.0
(13, 202)	1794	0.0
(13, 203)	1795	0.0
(13, 204)	1796	0.0
(13, 205)	1797	0.0
(13, 206)	1798	0.0
(10, 136)	1799	0.0
(4, 120)	1800	0.0
(13, 207)	1801	0.0
(13, 208)	1802	0.0
(4, 121)	1803	0.0
(2, 277)	1804	0.0
(8, 301)	1805	0.0
(8, 302)	1806	0.0
(8, 303)	1807	0.0
(22, 59)	1808	0.0
(22, 60)	1809	0.0
(8, 304)	1810	0.0
(2, 278)	1811	0.0
(8, 305)	1812	0.0
(2, 279)	1813	0.0
(9, 174)	1814	0.0
(2, 280)	1815	0.0
(2, 281)	1816	0.0
(2, 282)	1817	0.0
(2, 283)	1818	0.0
(9, 175)	1819	0.0
(9, 176)	1820	0.0
(10, 137)	1821	0.0
(8, 306)	1822	0.0
(2, 284)	1823	0.0
(2, 285)	1824	0.0
(13, 209)	1825	0.0
(2, 286)	1826	0.0
(3, 154)	1827	0.0
(2, 287)	1828	0.0
(2, 288)	1829	0.0
(8, 307)	1830	0.0
(2, 289)	1831	0.0
(8, 308)	1832	0.0
(8, 309)	1833	0.0
(9, 177)	1834	0.0
(2, 290)	1835	0.0
(10, 138)	1836	0.0
(2, 291)	1837	0.0
(13, 210)	1838	0.0
(18, 100)	1839	0.0
(13, 211)	1840	0.0
(13, 212)	1841	0.0
(22, 61)	1842	0.0
(22, 62)	1843	0.0
(8, 310)	1844	0.0
(13, 213)	1845	0.0
(13, 214)	1846	0.0
(13, 215)	1847	0.0
(22, 63)	1848	0.0
(18, 101)	1849	0.0
(18, 102)	1850	0.0
(10, 139)	1851	0.0
(23, 6)	1852	0.0
(10, 140)	1853	0.0
(2, 292)	1854	0.0
(18, 103)	1855	0.0
(3, 155)	1856	0.0
(8, 311)	1857	0.0
(13, 216)	1858	0.0
(13, 217)	1859	0.0
(13, 218)	1860	0.0
(22, 64)	1861	0.0
(3, 156)	1862	0.0
(13, 219)	1863	0.0
(3, 157)	1864	0.0
(8, 312)	1865	0.0
(8, 313)	1866	0.0
(13, 220)	1867	0.0
(2, 293)	1868	0.0
(2, 294)	1869	0.0
(10, 141)	1870	0.0
(13, 221)	1871	0.0
(2, 295)	1872	0.0
(2, 296)	1873	0.0
(22, 65)	1874	0.0
(25, 9)	1875	0.0
(24, 27)	1876	0.0
(9, 178)	1877	0.0
(10, 142)	1878	0.0
(13, 222)	1879	0.0
(22, 66)	1880	0.0
(3, 158)	1881	0.0
(4, 122)	1882	0.0
(5, 24)	1883	0.0
(5, 25)	1884	0.0
(9, 179)	1885	0.0
(9, 180)	1886	0.0
(19, 56)	1887	0.0
(20, 16)	1888	0.0
(10, 143)	1889	0.0
(4, 123)	1890	0.0
(2, 297)	1891	0.0
(4, 124)	1892	0.0
(13, 223)	1893	0.0
(13, 224)	1894	0.0
(2, 298)	1895	0.0
(8, 314)	1896	0.0
(13, 225)	1897	0.0
(8, 315)	1898	0.0
(13, 226)	1899	0.0
(2, 299)	1900	0.0
(10, 144)	1901	0.0
(10, 145)	1902	0.0
(2, 300)	1903	0.0
(10, 146)	1904	0.0
(13, 227)	1905	0.0
(2, 301)	1906	0.0
(10, 147)	1907	0.0
(2, 302)	1908	0.0
(4, 125)	1909	0.0
(8, 316)	1910	0.0
(10, 148)	1911	0.0
(8, 317)	1912	0.0
(9, 181)	1913	0.0
(9, 182)	1914	0.0
(2, 303)	1915	0.0
(2, 304)	1916	0.0
(3, 159)	1917	0.0
(9, 183)	1918	0.0
(9, 184)	1919	0.0
(19, 57)	1920	0.0
(10, 149)	1921	0.0
(8, 318)	1922	0.0
(8, 319)	1923	0.0
(9, 185)	1924	0.0
(9, 186)	1925	0.0
(8, 320)	1926	0.0
(8, 321)	1927	0.0
(9, 187)	1928	0.0
(2, 305)	1929	0.0
(10, 150)	1930	0.0
(9, 188)	1931	0.0
(19, 58)	1932	0.0
(8, 322)	1933	0.0
(9, 189)	1934	0.0
(10, 151)	1935	0.0
(11, 59)	1936	0.0
(2, 306)	1937	0.0
(9, 190)	1938	0.0
(10, 152)	1939	0.0
(9, 191)	1940	0.0
(13, 228)	1941	0.0
(5, 26)	1942	0.0
(2, 307)	1943	0.0
(2, 308)	1944	0.0
(2, 309)	1945	0.0
(3, 160)	1946	0.0
(2, 310)	1947	0.0
(3, 161)	1948	0.0
(13, 229)	1949	0.0
(4, 126)	1950	0.0
(2, 311)	1951	0.0
(3, 162)	1952	0.0
(4, 127)	1953	0.0
(13, 230)	1954	0.0
(13, 231)	1955	0.0
(22, 67)	1956	0.0
(22, 68)	1957	0.0
(9, 192)	1958	0.0
(18, 104)	1959	0.0
(3, 163)	1960	0.0
(4, 128)	1961	0.0
(18, 105)	1962	0.0
(22, 69)	1963	0.0
(3, 164)	1964	0.0
(18, 106)	1965	0.0
(2, 312)	1966	0.0
(8, 323)	1967	0.0
(8, 324)	1968	0.0
(15, 26)	1969	0.0
(2, 313)	1970	0.0
(2, 314)	1971	0.0
(13, 232)	1972	0.0
(13, 233)	1973	0.0
(13, 234)	1974	0.0
(2, 315)	1975	0.0
(2, 316)	1976	0.0
(4, 129)	1977	0.0
(4, 130)	1978	0.0
(2, 317)	1979	0.0
(10, 153)	1980	0.0
(10, 154)	1981	0.0
(3, 165)	1982	0.0
(4, 131)	1983	0.0
(10, 155)	1984	0.0
(15, 27)	1985	0.0
(2, 318)	1986	0.0
(2, 319)	1987	0.0
(10, 156)	1988	0.0
(13, 235)	1989	0.0
(13, 236)	1990	0.0
(14, 6)	1991	0.0
(13, 237)	1992	0.0
(3, 166)	1993	0.0
(3, 167)	1994	0.0
(2, 320)	1995	0.0
(10, 157)	1996	0.0
(4, 132)	1997	0.0
(4, 133)	1998	0.0
(13, 238)	1999	0.0
(13, 239)	2000	0.0
(4, 134)	2001	0.0
(2, 321)	2002	0.0
(10, 158)	2003	0.0
(13, 240)	2004	0.0
(2, 322)	2005	0.0
(13, 241)	2006	0.0
(3, 168)	2007	0.0
(3, 169)	2008	0.0
(22, 70)	2009	0.0
(11, 60)	2010	0.0
(2, 323)	2011	0.0
(2, 324)	2012	0.0
(2, 325)	2013	0.0
(11, 61)	2014	0.0
(13, 242)	2015	0.0
(13, 243)	2016	0.0
(5, 27)	2017	0.0
(2, 326)	2018	0.0
(2, 327)	2019	0.0
(2, 328)	2020	0.0
(2, 329)	2021	0.0
(10, 159)	2022	0.0
(10, 160)	2023	0.0
(13, 244)	2024	0.0
(2, 330)	2025	0.0
(2, 331)	2026	0.0
(2, 332)	2027	0.0
(2, 333)	2028	0.0
(2, 334)	2029	0.0
(10, 161)	2030	0.0
(13, 245)	2031	0.0
(2, 335)	2032	0.0
(2, 336)	2033	0.0
(3, 170)	2034	0.0
(2, 337)	2035	0.0
(3, 171)	2036	0.0
(13, 246)	2037	0.0
(13, 247)	2038	0.0
(13, 248)	2039	0.0
(2, 338)	2040	0.0
(10, 162)	2041	0.0
(11, 62)	2042	0.0
(22, 71)	2043	0.0
(5, 28)	2044	0.0
(14, 7)	2045	0.0
(2, 339)	2046	0.0
(15, 28)	2047	0.0
(10, 163)	2048	0.0
(2, 340)	2049	0.0
(13, 249)	2050	0.0
(10, 164)	2051	0.0
(10, 165)	2052	0.0
(13, 250)	2053	0.0
(2, 341)	2054	0.0
(3, 172)	2055	0.0
(10, 166)	2056	0.0
(8, 325)	2057	0.0
(8, 326)	2058	0.0
(13, 251)	2059	0.0
(2, 342)	2060	0.0
(24, 28)	2061	0.0
(13, 252)	2062	0.0
(10, 167)	2063	0.0
(2, 343)	2064	0.0
(2, 344)	2065	0.0
(8, 327)	2066	0.0
(3, 173)	2067	0.0
(2, 345)	2068	0.0
(3, 174)	2069	0.0
(13, 253)	2070	0.0
(13, 254)	2071	0.0
(13, 255)	2072	0.0
(13, 256)	2073	0.0
(2, 346)	2074	0.0
(2, 347)	2075	0.0
(10, 168)	2076	0.0
(8, 328)	2077	0.0
(13, 257)	2078	0.0
(24, 29)	2079	0.0
(24, 30)	2080	0.0
(18, 107)	2081	0.0
(10, 169)	2082	0.0
(10, 170)	2083	0.0
(11, 63)	2084	0.0
(13, 258)	2085	0.0
(13, 259)	2086	0.0
(3, 175)	2087	0.0
(2, 348)	2088	0.0
(2, 349)	2089	0.0
(11, 64)	2090	0.0
(18, 108)	2091	0.0
(18, 109)	2092	0.0
(3, 176)	2093	0.0
(26, 6)	2094	0.0
(13, 260)	2095	0.0
(13, 261)	2096	0.0
(22, 72)	2097	0.0
(3, 177)	2098	0.0
(3, 178)	2099	0.0
(8, 329)	2100	0.0
(2, 350)	2101	0.0
(2, 351)	2102	0.0
(13, 262)	2103	0.0
(4, 135)	2104	0.0
(15, 29)	2105	0.0
(3, 179)	2106	0.0
(2, 352)	2107	0.0
(2, 353)	2108	0.0
(10, 171)	2109	0.0
(22, 73)	2110	0.0
(2, 354)	2111	0.0
(8, 330)	2112	0.0
(3, 180)	2113	0.0
(18, 110)	2114	0.0
(18, 111)	2115	0.0
(3, 181)	2116	0.0
(10, 172)	2117	0.0
(9, 193)	2118	0.0
(19, 59)	2119	0.0
(10, 173)	2120	0.0
(8, 331)	2121	0.0
(8, 332)	2122	0.0
(9, 194)	2123	0.0
(8, 333)	2124	0.0
(9, 195)	2125	0.0
(8, 334)	2126	0.0
(8, 335)	2127	0.0
(8, 336)	2128	0.0
(18, 112)	2129	0.0
(18, 113)	2130	0.0
(8, 337)	2131	0.0
(13, 263)	2132	0.0
(2, 355)	2133	0.0
(2, 356)	2134	0.0
(3, 182)	2135	0.0
(2, 357)	2136	0.0
(22, 74)	2137	0.0
(22, 75)	2138	0.0
(25, 10)	2139	0.0
(2, 358)	2140	0.0
(9, 196)	2141	0.0
(2, 359)	2142	0.0
(10, 174)	2143	0.0
(8, 338)	2144	0.0
(9, 197)	2145	0.0
(9, 198)	2146	0.0
(2, 360)	2147	0.0
(2, 361)	2148	0.0
(2, 362)	2149	0.0
(9, 199)	2150	0.0
(8, 339)	2151	0.0
(9, 200)	2152	0.0
(9, 201)	2153	0.0
(9, 202)	2154	0.0
(19, 60)	2155	0.0
(19, 61)	2156	0.0
(10, 175)	2157	0.0
(11, 65)	2158	0.0
(13, 264)	2159	0.0
(13, 265)	2160	0.0
(2, 363)	2161	0.0
(11, 66)	2162	0.0
(2, 364)	2163	0.0
(13, 266)	2164	0.0
(13, 267)	2165	0.0
(13, 268)	2166	0.0
(2, 365)	2167	0.0
(13, 269)	2168	0.0
(3, 183)	2169	0.0
(3, 184)	2170	0.0
(2, 366)	2171	0.0
(13, 270)	2172	0.0
(2, 367)	2173	0.0
(9, 203)	2174	0.0
(9, 204)	2175	0.0
(2, 368)	2176	0.0
(22, 76)	2177	0.0
(4, 136)	2178	0.0
(3, 185)	2179	0.0
(2, 369)	2180	0.0
(2, 370)	2181	0.0
(15, 30)	2182	0.0
(13, 271)	2183	0.0
(13, 272)	2184	0.0
(22, 77)	2185	0.0
(5, 29)	2186	0.0
(2, 371)	2187	0.0
(13, 273)	2188	0.0
(13, 274)	2189	0.0
(24, 31)	2190	0.0
(3, 186)	2191	0.0
(3, 187)	2192	0.0
(24, 32)	2193	0.0
(14, 8)	2194	0.0
(2, 372)	2195	0.0
(3, 188)	2196	0.0
(3, 189)	2197	0.0
(2, 373)	2198	0.0
(2, 374)	2199	0.0
(2, 375)	2200	0.0
(8, 340)	2201	0.0
(13, 275)	2202	0.0
(2, 376)	2203	0.0
(18, 114)	2204	0.0
(4, 137)	2205	0.0
(13, 276)	2206	0.0
(13, 277)	2207	0.0
(8, 341)	2208	0.0
(18, 115)	2209	0.0
(10, 176)	2210	0.0
(11, 67)	2211	0.0
(8, 342)	2212	0.0
(9, 205)	2213	0.0
(8, 343)	2214	0.0
(9, 206)	2215	0.0
(10, 177)	2216	0.0
(10, 178)	2217	0.0
(10, 179)	2218	0.0
(4, 138)	2219	0.0
(2, 377)	2220	0.0
(13, 278)	2221	0.0
(4, 139)	2222	0.0
(2, 378)	2223	0.0
(9, 207)	2224	0.0
(2, 379)	2225	0.0
(8, 344)	2226	0.0
(8, 345)	2227	0.0
(8, 346)	2228	0.0
(13, 279)	2229	0.0
(22, 78)	2230	0.0
(22, 79)	2231	0.0
(25, 11)	2232	0.0
(8, 347)	2233	0.0
(4, 140)	2234	0.0
(2, 380)	2235	0.0
(13, 280)	2236	0.0
(13, 281)	2237	0.0
(3, 190)	2238	0.0
(3, 191)	2239	0.0
(2, 381)	2240	0.0
(3, 192)	2241	0.0
(9, 208)	2242	0.0
(3, 193)	2243	0.0
(4, 141)	2244	0.0
(8, 348)	2245	0.0
(13, 282)	2246	0.0
(13, 283)	2247	0.0
(13, 284)	2248	0.0
(2, 382)	2249	0.0
(2, 383)	2250	0.0
(4, 142)	2251	0.0
(2, 384)	2252	0.0
(2, 385)	2253	0.0
(13, 285)	2254	0.0
(2, 386)	2255	0.0
(2, 387)	2256	0.0
(2, 388)	2257	0.0
(3, 194)	2258	0.0
(2, 389)	2259	0.0
(10, 180)	2260	0.0
(13, 286)	2261	0.0
(2, 390)	2262	0.0
(10, 181)	2263	0.0
(13, 287)	2264	0.0
(22, 80)	2265	0.0
(22, 81)	2266	0.0
(13, 288)	2267	0.0
(13, 289)	2268	0.0
(13, 290)	2269	0.0
(4, 143)	2270	0.0
(4, 144)	2271	0.0
(2, 391)	2272	0.0
(13, 291)	2273	0.0
(22, 82)	2274	0.0
(26, 7)	2275	0.0
(13, 292)	2276	0.0
(22, 83)	2277	0.0
(25, 12)	2278	0.0
(3, 195)	2279	0.0
(4, 145)	2280	0.0
(29, 1)	2281	0.0
(29, 2)	2282	0.0
(29, 3)	2283	0.0
(2, 392)	2284	0.0
(3, 196)	2285	0.0
(3, 197)	2286	0.0
(24, 33)	2287	0.0
(24, 34)	2288	0.0
(3, 198)	2289	0.0
(24, 35)	2290	0.0
(18, 116)	2291	0.0
(18, 117)	2292	0.0
(4, 146)	2293	0.0
(8, 349)	2294	0.0
(10, 182)	2295	0.0
(11, 68)	2296	0.0
(18, 118)	2297	0.0
(3, 199)	2298	0.0
(2, 393)	2299	0.0
(10, 183)	2300	0.0
(13, 293)	2301	0.0
(13, 294)	2302	0.0
(3, 200)	2303	0.0
(13, 295)	2304	0.0
(2, 394)	2305	0.0
(2, 395)	2306	0.0
(3, 201)	2307	0.0
(13, 296)	2308	0.0
(13, 297)	2309	0.0
(5, 30)	2310	0.0
(2, 396)	2311	0.0
(2, 397)	2312	0.0
(3, 202)	2313	0.0
(13, 298)	2314	0.0
(10, 184)	2315	0.0
(13, 299)	2316	0.0
(2, 398)	2317	0.0
(2, 399)	2318	0.0
(2, 400)	2319	0.0
(10, 185)	2320	0.0
(2, 401)	2321	0.0
(10, 186)	2322	0.0
(11, 69)	2323	0.0
(3, 203)	2324	0.0
(13, 300)	2325	0.0
(13, 301)	2326	0.0
(22, 84)	2327	0.0
(10, 187)	2328	0.0
(11, 70)	2329	0.0
(10, 188)	2330	0.0
(13, 302)	2331	0.0
(13, 303)	2332	0.0
(13, 304)	2333	0.0
(13, 305)	2334	0.0
(13, 306)	2335	0.0
(13, 307)	2336	0.0
(2, 402)	2337	0.0
(10, 189)	2338	0.0
(10, 190)	2339	0.0
(3, 204)	2340	0.0
(2, 403)	2341	0.0
(2, 404)	2342	0.0
(13, 308)	2343	0.0
(13, 309)	2344	0.0
(10, 191)	2345	0.0
(2, 405)	2346	0.0
(2, 406)	2347	0.0
(2, 407)	2348	0.0
(4, 147)	2349	0.0
(2, 408)	2350	0.0
(3, 205)	2351	0.0
(2, 409)	2352	0.0
(2, 410)	2353	0.0
(4, 148)	2354	0.0
(13, 310)	2355	0.0
(13, 311)	2356	0.0
(8, 350)	2357	0.0
(13, 312)	2358	0.0
(13, 313)	2359	0.0
(2, 411)	2360	0.0
(6, 8)	2361	0.0
(13, 314)	2362	0.0
(2, 412)	2363	0.0
(13, 315)	2364	0.0
(2, 413)	2365	0.0
(13, 316)	2366	0.0
(18, 119)	2367	0.0
(10, 192)	2368	0.0
(10, 193)	2369	0.0
(15, 31)	2370	0.0
(10, 194)	2371	0.0
(2, 414)	2372	0.0
(2, 415)	2373	0.0
(12, 20)	2374	0.0
(13, 317)	2375	0.0
(2, 416)	2376	0.0
(10, 195)	2377	0.0
(11, 71)	2378	0.0
(11, 72)	2379	0.0
(12, 21)	2380	0.0
(13, 318)	2381	0.0
(18, 120)	2382	0.0
(10, 196)	2383	0.0
(18, 121)	2384	0.0
(4, 149)	2385	0.0
(13, 319)	2386	0.0
(13, 320)	2387	0.0
(13, 321)	2388	0.0
(10, 197)	2389	0.0
(13, 322)	2390	0.0
(13, 323)	2391	0.0
(13, 324)	2392	0.0
(3, 206)	2393	0.0
(4, 150)	2394	0.0
(2, 417)	2395	0.0
(2, 418)	2396	0.0
(3, 207)	2397	0.0
(4, 151)	2398	0.0
(2, 419)	2399	0.0
(2, 420)	2400	0.0
(2, 421)	2401	0.0
(2, 422)	2402	0.0
(2, 423)	2403	0.0
(2, 424)	2404	0.0
(10, 198)	2405	0.0
(11, 73)	2406	0.0
(13, 325)	2407	0.0
(2, 425)	2408	0.0
(2, 426)	2409	0.0
(2, 427)	2410	0.0
(8, 351)	2411	0.0
(13, 326)	2412	0.0
(2, 428)	2413	0.0
(2, 429)	2414	0.0
(2, 430)	2415	0.0
(10, 199)	2416	0.0
(3, 208)	2417	0.0
(9, 209)	2418	0.0
(13, 327)	2419	0.0
(13, 328)	2420	0.0
(2, 431)	2421	0.0
(2, 432)	2422	0.0
(2, 433)	2423	0.0
(2, 434)	2424	0.0
(9, 210)	2425	0.0
(2, 435)	2426	0.0
(11, 74)	2427	0.0
(8, 352)	2428	0.0
(13, 329)	2429	0.0
(13, 330)	2430	0.0
(2, 436)	2431	0.0
(10, 200)	2432	0.0
(2, 437)	2433	0.0
(2, 438)	2434	0.0
(2, 439)	2435	0.0
(10, 201)	2436	0.0
(9, 211)	2437	0.0
(2, 440)	2438	0.0
(8, 353)	2439	0.0
(9, 212)	2440	0.0
(9, 213)	2441	0.0
(2, 441)	2442	0.0
(19, 62)	2443	0.0
(8, 354)	2444	0.0
(10, 202)	2445	0.0
(9, 214)	2446	0.0
(9, 215)	2447	0.0
(3, 209)	2448	0.0
(18, 122)	2449	0.0
(18, 123)	2450	0.0
(18, 124)	2451	0.0
(10, 203)	2452	0.0
(10, 204)	2453	0.0
(2, 442)	2454	0.0
(10, 205)	2455	0.0
(13, 331)	2456	0.0
(13, 332)	2457	0.0
(2, 443)	2458	0.0
(18, 125)	2459	0.0
(18, 126)	2460	0.0
(18, 127)	2461	0.0
(10, 206)	2462	0.0
(10, 207)	2463	0.0
(10, 208)	2464	0.0
(18, 128)	2465	0.0
(10, 209)	2466	0.0
(10, 210)	2467	0.0
(11, 75)	2468	0.0
(2, 444)	2469	0.0
(2, 445)	2470	0.0
(2, 446)	2471	0.0
(11, 76)	2472	0.0
(11, 77)	2473	0.0
(10, 211)	2474	0.0
(10, 212)	2475	0.0
(11, 78)	2476	0.0
(2, 447)	2477	0.0
(3, 210)	2478	0.0
(3, 211)	2479	0.0
(13, 333)	2480	0.0
(13, 334)	2481	0.0
(13, 335)	2482	0.0
(22, 85)	2483	0.0
(4, 152)	2484	0.0
(2, 448)	2485	0.0
(3, 212)	2486	0.0
(9, 216)	2487	0.0
(2, 449)	2488	0.0
(2, 450)	2489	0.0
(12, 22)	2490	0.0
(22, 86)	2491	0.0
(2, 451)	2492	0.0
(22, 87)	2493	0.0
(2, 452)	2494	0.0
(2, 453)	2495	0.0
(5, 31)	2496	0.0
(9, 217)	2497	0.0
(10, 213)	2498	0.0
(2, 454)	2499	0.0
(18, 129)	2500	0.0
(13, 336)	2501	0.0
(2, 455)	2502	0.0
(4, 153)	2503	0.0
(13, 337)	2504	0.0
(10, 214)	2505	0.0
(2, 456)	2506	0.0
(2, 457)	2507	0.0
(2, 458)	2508	0.0
(2, 459)	2509	0.0
(13, 338)	2510	0.0
(2, 460)	2511	0.0
(4, 154)	2512	0.0
(13, 339)	2513	0.0
(11, 79)	2514	0.0
(4, 155)	2515	0.0
(2, 461)	2516	0.0
(3, 213)	2517	0.0
(13, 340)	2518	0.0
(2, 462)	2519	0.0
(3, 214)	2520	0.0
(10, 215)	2521	0.0
(3, 215)	2522	0.0
(2, 463)	2523	0.0
(2, 464)	2524	0.0
(13, 341)	2525	0.0
(13, 342)	2526	0.0
(2, 465)	2527	0.0
(2, 466)	2528	0.0
(13, 343)	2529	0.0
(2, 467)	2530	0.0
(2, 468)	2531	0.0
(13, 344)	2532	0.0
(13, 345)	2533	0.0
(13, 346)	2534	0.0
(22, 88)	2535	0.0
(2, 469)	2536	0.0
(2, 470)	2537	0.0
(8, 355)	2538	0.0
(13, 347)	2539	0.0
(13, 348)	2540	0.0
(22, 89)	2541	0.0
(8, 356)	2542	0.0
(8, 357)	2543	0.0
(2, 471)	2544	0.0
(8, 358)	2545	0.0
(13, 349)	2546	0.0
(8, 359)	2547	0.0
(22, 90)	2548	0.0
(18, 130)	2549	0.0
(8, 360)	2550	0.0
(13, 350)	2551	0.0
(2, 472)	2552	0.0
(4, 156)	2553	0.0
(13, 351)	2554	0.0
(2, 473)	2555	0.0
(10, 216)	2556	0.0
(11, 80)	2557	0.0
(4, 157)	2558	0.0
(3, 216)	2559	0.0
(13, 352)	2560	0.0
(13, 353)	2561	0.0
(3, 217)	2562	0.0
(4, 158)	2563	0.0
(2, 474)	2564	0.0
(2, 475)	2565	0.0
(2, 476)	2566	0.0
(2, 477)	2567	0.0
(13, 354)	2568	0.0
(4, 159)	2569	0.0
(8, 361)	2570	0.0
(2, 478)	2571	0.0
(24, 36)	2572	0.0
(10, 217)	2573	0.0
(2, 479)	2574	0.0
(2, 480)	2575	0.0
(10, 218)	2576	0.0
(2, 481)	2577	0.0
(2, 482)	2578	0.0
(10, 219)	2579	0.0
(15, 32)	2580	0.0
(10, 220)	2581	0.0
(10, 221)	2582	0.0
(3, 218)	2583	0.0
(2, 483)	2584	0.0
(8, 362)	2585	0.0
(8, 363)	2586	0.0
(13, 355)	2587	0.0
(8, 364)	2588	0.0
(22, 91)	2589	0.0
(13, 356)	2590	0.0
(2, 484)	2591	0.0
(2, 485)	2592	0.0
(13, 357)	2593	0.0
(13, 358)	2594	0.0
(13, 359)	2595	0.0
(2, 486)	2596	0.0
(3, 219)	2597	0.0
(2, 487)	2598	0.0
(2, 488)	2599	0.0
(10, 222)	2600	0.0
(13, 360)	2601	0.0
(2, 489)	2602	0.0
(2, 490)	2603	0.0
(2, 491)	2604	0.0
(4, 160)	2605	0.0
(13, 361)	2606	0.0
(2, 492)	2607	0.0
(3, 220)	2608	0.0
(22, 92)	2609	0.0
(25, 13)	2610	0.0
(10, 223)	2611	0.0
(13, 362)	2612	0.0
(2, 493)	2613	0.0
(2, 494)	2614	0.0
(13, 363)	2615	0.0
(2, 495)	2616	0.0
(2, 496)	2617	0.0
(10, 224)	2618	0.0
(2, 497)	2619	0.0
(13, 364)	2620	0.0
(2, 498)	2621	0.0
(4, 161)	2622	0.0
(4, 162)	2623	0.0
(2, 499)	2624	0.0
(13, 365)	2625	0.0
(3, 221)	2626	0.0
(24, 37)	2627	0.0
(26, 8)	2628	0.0
(13, 366)	2629	0.0
(2, 500)	2630	0.0
(10, 225)	2631	0.0
(4, 163)	2632	0.0
(13, 367)	2633	0.0
(13, 368)	2634	0.0
(13, 369)	2635	0.0
(18, 131)	2636	0.0
(3, 222)	2637	0.0
(2, 501)	2638	0.0
(10, 226)	2639	0.0
(2, 502)	2640	0.0
(13, 370)	2641	0.0
(13, 371)	2642	0.0
(4, 164)	2643	0.0
(11, 81)	2644	0.0
(11, 82)	2645	0.0
(3, 223)	2646	0.0
(2, 503)	2647	0.0
(13, 372)	2648	0.0
(2, 504)	2649	0.0
(2, 505)	2650	0.0
(10, 227)	2651	0.0
(2, 506)	2652	0.0
(2, 507)	2653	0.0
(4, 165)	2654	0.0
(9, 218)	2655	0.0
(9, 219)	2656	0.0
(10, 228)	2657	0.0
(8, 365)	2658	0.0
(2, 508)	2659	0.0
(4, 166)	2660	0.0
(9, 220)	2661	0.0
(18, 132)	2662	0.0
(18, 133)	2663	0.0
(9, 221)	2664	0.0
(10, 229)	2665	0.0
(3, 224)	2666	0.0
(9, 222)	2667	0.0
(18, 134)	2668	0.0
(18, 135)	2669	0.0
(3, 225)	2670	0.0
(9, 223)	2671	0.0
(18, 136)	2672	0.0
(9, 224)	2673	0.0
(10, 230)	2674	0.0
(10, 231)	2675	0.0
(2, 509)	2676	0.0
(22, 93)	2677	0.0
(3, 226)	2678	0.0
(2, 510)	2679	0.0
(2, 511)	2680	0.0
(10, 232)	2681	0.0
(13, 373)	2682	0.0
(10, 233)	2683	0.0
(10, 234)	2684	0.0
(13, 374)	2685	0.0
(3, 227)	2686	0.0
(13, 375)	2687	0.0
(13, 376)	2688	0.0
(13, 377)	2689	0.0
(13, 378)	2690	0.0
(10, 235)	2691	0.0
(8, 366)	2692	0.0
(4, 167)	2693	0.0
(8, 367)	2694	0.0
(8, 368)	2695	0.0
(9, 225)	2696	0.0
(18, 137)	2697	0.0
(3, 228)	2698	0.0
(3, 229)	2699	0.0
(2, 512)	2700	0.0
(22, 94)	2701	0.0
(3, 230)	2702	0.0
(13, 379)	2703	0.0
(3, 231)	2704	0.0
(4, 168)	2705	0.0
(13, 380)	2706	0.0
(13, 381)	2707	0.0
(2, 513)	2708	0.0
(2, 514)	2709	0.0
(13, 382)	2710	0.0
(3, 232)	2711	0.0
(13, 383)	2712	0.0
(13, 384)	2713	0.0
(4, 169)	2714	0.0
(10, 236)	2715	0.0
(4, 170)	2716	0.0
(13, 385)	2717	0.0
(13, 386)	2718	0.0
(2, 515)	2719	0.0
(2, 516)	2720	0.0
(18, 138)	2721	0.0
(18, 139)	2722	0.0
(3, 233)	2723	0.0
(2, 517)	2724	0.0
(2, 518)	2725	0.0
(2, 519)	2726	0.0
(10, 237)	2727	0.0
(8, 369)	2728	0.0
(5, 32)	2729	0.0
(2, 520)	2730	0.0
(2, 521)	2731	0.0
(2, 522)	2732	0.0
(2, 523)	2733	0.0
(18, 140)	2734	0.0
(22, 95)	2735	0.0
(13, 387)	2736	0.0
(13, 388)	2737	0.0
(13, 389)	2738	0.0
(3, 234)	2739	0.0
(22, 96)	2740	0.0
(8, 370)	2741	0.0
(22, 97)	2742	0.0
(13, 390)	2743	0.0
(3, 235)	2744	0.0
(3, 236)	2745	0.0
(3, 237)	2746	0.0
(4, 171)	2747	0.0
(13, 391)	2748	0.0
(2, 524)	2749	0.0
(13, 392)	2750	0.0
(8, 371)	2751	0.0
(22, 98)	2752	0.0
(3, 238)	2753	0.0
(22, 99)	2754	0.0
(13, 393)	2755	0.0
(3, 239)	2756	0.0
(9, 226)	2757	0.0
(9, 227)	2758	0.0
(19, 63)	2759	0.0
(19, 64)	2760	0.0
(8, 372)	2761	0.0
(2, 525)	2762	0.0
(3, 240)	2763	0.0
(2, 526)	2764	0.0
(2, 527)	2765	0.0
(2, 528)	2766	0.0
(10, 238)	2767	0.0
(18, 141)	2768	0.0
(10, 239)	2769	0.0
(10, 240)	2770	0.0
(8, 373)	2771	0.0
(18, 142)	2772	0.0
(2, 529)	2773	0.0
(2, 530)	2774	0.0
(8, 374)	2775	0.0
(8, 375)	2776	0.0
(13, 394)	2777	0.0
(13, 395)	2778	0.0
(13, 396)	2779	0.0
(2, 531)	2780	0.0
(3, 241)	2781	0.0
(9, 228)	2782	0.0
(19, 65)	2783	0.0
(19, 66)	2784	0.0
(21, 10)	2785	0.0
(2, 532)	2786	0.0
(8, 376)	2787	0.0
(2, 533)	2788	0.0
(2, 534)	2789	0.0
(13, 397)	2790	0.0
(13, 398)	2791	0.0
(13, 399)	2792	0.0
(3, 242)	2793	0.0
(13, 400)	2794	0.0
(2, 535)	2795	0.0
(10, 241)	2796	0.0
(10, 242)	2797	0.0
(10, 243)	2798	0.0
(24, 38)	2799	0.0
(3, 243)	2800	0.0
(3, 244)	2801	0.0
(22, 100)	2802	0.0
(25, 14)	2803	0.0
(24, 39)	2804	0.0
(2, 536)	2805	0.0
(2, 537)	2806	0.0
(8, 377)	2807	0.0
(9, 229)	2808	0.0
(3, 245)	2809	0.0
(2, 538)	2810	0.0
(9, 230)	2811	0.0
(8, 378)	2812	0.0
(2, 539)	2813	0.0
(2, 540)	2814	0.0
(2, 541)	2815	0.0
(3, 246)	2816	0.0
(2, 542)	2817	0.0
(2, 543)	2818	0.0
(3, 247)	2819	0.0
(3, 248)	2820	0.0
(11, 83)	2821	0.0
(10, 244)	2822	0.0
(13, 401)	2823	0.0
(13, 402)	2824	0.0
(22, 101)	2825	0.0
(18, 143)	2826	0.0
(13, 403)	2827	0.0
(3, 249)	2828	0.0
(8, 379)	2829	0.0
(8, 380)	2830	0.0
(2, 544)	2831	0.0
(2, 545)	2832	0.0
(24, 40)	2833	0.0
(8, 381)	2834	0.0
(8, 382)	2835	0.0
(3, 250)	2836	0.0
(13, 404)	2837	0.0
(2, 546)	2838	0.0
(3, 251)	2839	0.0
(10, 245)	2840	0.0
(2, 547)	2841	0.0
(8, 383)	2842	0.0
(8, 384)	2843	0.0
(8, 385)	2844	0.0
(8, 386)	2845	0.0
(8, 387)	2846	0.0
(13, 405)	2847	0.0
(9, 231)	2848	0.0
(9, 232)	2849	0.0
(9, 233)	2850	0.0
(19, 67)	2851	0.0
(19, 68)	2852	0.0
(13, 406)	2853	0.0
(9, 234)	2854	0.0
(9, 235)	2855	0.0
(9, 236)	2856	0.0
(2, 548)	2857	0.0
(2, 549)	2858	0.0
(8, 388)	2859	0.0
(8, 389)	2860	0.0
(1, 7)	2861	0.0
(1, 8)	2862	0.0
(1, 9)	2863	0.0
(30, 1)	2864	0.0
(8, 390)	2865	0.0
(8, 391)	2866	0.0
(13, 407)	2867	0.0
(22, 102)	2868	0.0
(9, 237)	2869	0.0
(8, 392)	2870	0.0
(13, 408)	2871	0.0
(13, 409)	2872	0.0
(2, 550)	2873	0.0
(2, 551)	2874	0.0
(4, 172)	2875	0.0
(3, 252)	2876	0.0
(4, 173)	2877	0.0
(22, 103)	2878	0.0
(22, 104)	2879	0.0
(2, 552)	2880	0.0
(2, 553)	2881	0.0
(2, 554)	2882	0.0
(22, 105)	2883	0.0
(22, 106)	2884	0.0
(3, 253)	2885	0.0
(3, 254)	2886	0.0
(13, 410)	2887	0.0
(13, 411)	2888	0.0
(13, 412)	2889	0.0
(3, 255)	2890	0.0
(3, 256)	2891	0.0
(24, 41)	2892	0.0
(3, 257)	2893	0.0
(24, 42)	2894	0.0
(2, 555)	2895	0.0
(13, 413)	2896	0.0
(18, 144)	2897	0.0
(2, 556)	2898	0.0
(9, 238)	2899	0.0
(11, 84)	2900	0.0
(18, 145)	2901	0.0
(18, 146)	2902	0.0
(10, 246)	2903	0.0
(12, 23)	2904	0.0
(18, 147)	2905	0.0
(10, 247)	2906	0.0
(10, 248)	2907	0.0
(18, 148)	2908	0.0
(18, 149)	2909	0.0
(10, 249)	2910	0.0
(11, 85)	2911	0.0
(10, 250)	2912	0.0
(11, 86)	2913	0.0
(18, 150)	2914	0.0
(18, 151)	2915	0.0
(8, 393)	2916	0.0
(13, 414)	2917	0.0
(2, 557)	2918	0.0
(13, 415)	2919	0.0
(13, 416)	2920	0.0
(13, 417)	2921	0.0
(13, 418)	2922	0.0
(13, 419)	2923	0.0
(13, 420)	2924	0.0
(2, 558)	2925	0.0
(2, 559)	2926	0.0
(2, 560)	2927	0.0
(13, 421)	2928	0.0
(13, 422)	2929	0.0
(13, 423)	2930	0.0
(13, 424)	2931	0.0
(13, 425)	2932	0.0
(3, 258)	2933	0.0
(2, 561)	2934	0.0
(2, 562)	2935	0.0
(19, 69)	2936	0.0
(2, 563)	2937	0.0
(2, 564)	2938	0.0
(10, 251)	2939	0.0
(3, 259)	2940	0.0
(2, 565)	2941	0.0
(3, 260)	2942	0.0
(13, 426)	2943	0.0
(2, 566)	2944	0.0
(2, 567)	2945	0.0
(2, 568)	2946	0.0
(2, 569)	2947	0.0
(2, 570)	2948	0.0
(2, 571)	2949	0.0
(2, 572)	2950	0.0
(10, 252)	2951	0.0
(2, 573)	2952	0.0
(2, 574)	2953	0.0
(3, 261)	2954	0.0
(10, 253)	2955	0.0
(22, 107)	2956	0.0
(13, 427)	2957	0.0
(3, 262)	2958	0.0
(13, 428)	2959	0.0
(3, 263)	2960	0.0
(4, 174)	2961	0.0
(2, 575)	2962	0.0
(13, 429)	2963	0.0
(13, 430)	2964	0.0
(13, 431)	2965	0.0
(2, 576)	2966	0.0
(2, 577)	2967	0.0
(3, 264)	2968	0.0
(2, 578)	2969	0.0
(2, 579)	2970	0.0
(4, 175)	2971	0.0
(13, 432)	2972	0.0
(18, 152)	2973	0.0
(2, 580)	2974	0.0
(13, 433)	2975	0.0
(13, 434)	2976	0.0
(13, 435)	2977	0.0
(3, 265)	2978	0.0
(13, 436)	2979	0.0
(26, 9)	2980	0.0
(2, 581)	2981	0.0
(2, 582)	2982	0.0
(13, 437)	2983	0.0
(13, 438)	2984	0.0
(13, 439)	2985	0.0
(3, 266)	2986	0.0
(4, 176)	2987	0.0
(22, 108)	2988	0.0
(4, 177)	2989	0.0
(13, 440)	2990	0.0
(13, 441)	2991	0.0
(3, 267)	2992	0.0
(2, 583)	2993	0.0
(13, 442)	2994	0.0
(3, 268)	2995	0.0
(13, 443)	2996	0.0
(13, 444)	2997	0.0
(2, 584)	2998	0.0
(3, 269)	2999	0.0
(13, 445)	3000	0.0
(2, 585)	3001	0.0
(10, 254)	3002	0.0
(8, 394)	3003	0.0
(13, 446)	3004	0.0
(8, 395)	3005	0.0
(13, 447)	3006	0.0
(2, 586)	3007	0.0
(8, 396)	3008	0.0
(22, 109)	3009	0.0
(22, 110)	3010	0.0
(2, 587)	3011	0.0
(2, 588)	3012	0.0
(22, 111)	3013	0.0
(3, 270)	3014	0.0
(2, 589)	3015	0.0
(15, 33)	3016	0.0
(8, 397)	3017	0.0
(18, 153)	3018	0.0
(9, 239)	3019	0.0
(10, 255)	3020	0.0
(9, 240)	3021	0.0
(8, 398)	3022	0.0
(8, 399)	3023	0.0
(9, 241)	3024	0.0
(18, 154)	3025	0.0
(2, 590)	3026	0.0
(5, 33)	3027	0.0
(5, 34)	3028	0.0
(4, 178)	3029	0.0
(3, 271)	3030	0.0
(2, 591)	3031	0.0
(10, 256)	3032	0.0
(9, 242)	3033	0.0
(3, 272)	3034	0.0
(3, 273)	3035	0.0
(2, 592)	3036	0.0
(2, 593)	3037	0.0
(13, 448)	3038	0.0
(13, 449)	3039	0.0
(22, 112)	3040	0.0
(13, 450)	3041	0.0
(22, 113)	3042	0.0
(3, 274)	3043	0.0
(2, 594)	3044	0.0
(8, 400)	3045	0.0
(2, 595)	3046	0.0
(9, 243)	3047	0.0
(2, 596)	3048	0.0
(8, 401)	3049	0.0
(8, 402)	3050	0.0
(24, 43)	3051	0.0
(2, 597)	3052	0.0
(3, 275)	3053	0.0
(8, 403)	3054	0.0
(22, 114)	3055	0.0
(13, 451)	3056	0.0
(13, 452)	3057	0.0
(13, 453)	3058	0.0
(2, 598)	3059	0.0
(2, 599)	3060	0.0
(13, 454)	3061	0.0
(2, 600)	3062	0.0
(10, 257)	3063	0.0
(2, 601)	3064	0.0
(2, 602)	3065	0.0
(9, 244)	3066	0.0
(2, 603)	3067	0.0
(2, 604)	3068	0.0
(3, 276)	3069	0.0
(8, 404)	3070	0.0
(3, 277)	3071	0.0
(3, 278)	3072	0.0
(18, 155)	3073	0.0
(3, 279)	3074	0.0
(11, 87)	3075	0.0
(8, 405)	3076	0.0
(8, 406)	3077	0.0
(2, 605)	3078	0.0
(2, 606)	3079	0.0
(22, 115)	3080	0.0
(2, 607)	3081	0.0
(3, 280)	3082	0.0
(2, 608)	3083	0.0
(8, 407)	3084	0.0
(13, 455)	3085	0.0
(22, 116)	3086	0.0
(3, 281)	3087	0.0
(13, 456)	3088	0.0
(22, 117)	3089	0.0
(13, 457)	3090	0.0
(2, 609)	3091	0.0
(2, 610)	3092	0.0
(13, 458)	3093	0.0
(2, 611)	3094	0.0
(11, 88)	3095	0.0
(10, 258)	3096	0.0
(2, 612)	3097	0.0
(2, 613)	3098	0.0
(2, 614)	3099	0.0
(2, 615)	3100	0.0
(10, 259)	3101	0.0
(13, 459)	3102	0.0
(3, 282)	3103	0.0
(13, 460)	3104	0.0
(13, 461)	3105	0.0
(10, 260)	3106	0.0
(13, 462)	3107	0.0
(2, 616)	3108	0.0
(10, 261)	3109	0.0
(10, 262)	3110	0.0
(3, 283)	3111	0.0
(13, 463)	3112	0.0
(13, 464)	3113	0.0
(2, 617)	3114	0.0
(3, 284)	3115	0.0
(8, 408)	3116	0.0
(9, 245)	3117	0.0
(2, 618)	3118	0.0
(2, 619)	3119	0.0
(3, 285)	3120	0.0
(13, 465)	3121	0.0
(22, 118)	3122	0.0
(22, 119)	3123	0.0
(25, 15)	3124	0.0
(13, 466)	3125	0.0
(2, 620)	3126	0.0
(2, 621)	3127	0.0
(22, 120)	3128	0.0
(22, 121)	3129	0.0
(24, 44)	3130	0.0
(14, 9)	3131	0.0
(2, 622)	3132	0.0
(22, 122)	3133	0.0
(5, 35)	3134	0.0
(13, 467)	3135	0.0
(22, 123)	3136	0.0
(22, 124)	3137	0.0
(25, 16)	3138	0.0
(9, 246)	3139	0.0
(24, 45)	3140	0.0
(13, 468)	3141	0.0
(18, 156)	3142	0.0
(8, 409)	3143	0.0
(8, 410)	3144	0.0
(2, 623)	3145	0.0
(2, 624)	3146	0.0
(10, 263)	3147	0.0
(10, 264)	3148	0.0
(3, 286)	3149	0.0
(13, 469)	3150	0.0
(13, 470)	3151	0.0
(22, 125)	3152	0.0
(22, 126)	3153	0.0
(22, 127)	3154	0.0
(2, 625)	3155	0.0
(2, 626)	3156	0.0
(2, 627)	3157	0.0
(3, 287)	3158	0.0
(3, 288)	3159	0.0
(4, 179)	3160	0.0
(3, 289)	3161	0.0
(13, 471)	3162	0.0
(13, 472)	3163	0.0
(2, 628)	3164	0.0
(13, 473)	3165	0.0
(2, 629)	3166	0.0
(18, 157)	3167	0.0
(3, 290)	3168	0.0
(8, 411)	3169	0.0
(11, 89)	3170	0.0
(2, 630)	3171	0.0
(2, 631)	3172	0.0
(2, 632)	3173	0.0
(3, 291)	3174	0.0
(13, 474)	3175	0.0
(13, 475)	3176	0.0
(13, 476)	3177	0.0
(13, 477)	3178	0.0
(13, 478)	3179	0.0
(2, 633)	3180	0.0
(13, 479)	3181	0.0
(10, 265)	3182	0.0
(2, 634)	3183	0.0
(2, 635)	3184	0.0
(10, 266)	3185	0.0
(3, 292)	3186	0.0
(10, 267)	3187	0.0
(13, 480)	3188	0.0
(13, 481)	3189	0.0
(13, 482)	3190	0.0
(3, 293)	3191	0.0
(13, 483)	3192	0.0
(13, 484)	3193	0.0
(18, 158)	3194	0.0
(3, 294)	3195	0.0
(2, 636)	3196	0.0
(2, 637)	3197	0.0
(2, 638)	3198	0.0
(10, 268)	3199	0.0
(18, 159)	3200	0.0
(13, 485)	3201	0.0
(2, 639)	3202	0.0
(3, 295)	3203	0.0
(8, 412)	3204	0.0
(13, 486)	3205	0.0
(13, 487)	3206	0.0
(2, 640)	3207	0.0
(2, 641)	3208	0.0
(10, 269)	3209	0.0
(10, 270)	3210	0.0
(8, 413)	3211	0.0
(10, 271)	3212	0.0
(8, 414)	3213	0.0
(9, 247)	3214	0.0
(9, 248)	3215	0.0
(8, 415)	3216	0.0
(8, 416)	3217	0.0
(9, 249)	3218	0.0
(8, 417)	3219	0.0
(19, 70)	3220	0.0
(19, 71)	3221	0.0
(13, 488)	3222	0.0
(13, 489)	3223	0.0
(18, 160)	3224	0.0
(18, 161)	3225	0.0
(18, 162)	3226	0.0
(10, 272)	3227	0.0
(20, 17)	3228	0.0
(13, 490)	3229	0.0
(18, 163)	3230	0.0
(18, 164)	3231	0.0
(10, 273)	3232	0.0
(10, 274)	3233	0.0
(10, 275)	3234	0.0
(13, 491)	3235	0.0
(18, 165)	3236	0.0
(18, 166)	3237	0.0
(18, 167)	3238	0.0
(8, 418)	3239	0.0
(9, 250)	3240	0.0
(19, 72)	3241	0.0
(19, 73)	3242	0.0
(19, 74)	3243	0.0
(18, 168)	3244	0.0
(18, 169)	3245	0.0
(18, 170)	3246	0.0
(18, 171)	3247	0.0
(8, 419)	3248	0.0
(9, 251)	3249	0.0
(19, 75)	3250	0.0
(20, 18)	3251	0.0
(13, 492)	3252	0.0
(18, 172)	3253	0.0
(9, 252)	3254	0.0
(21, 11)	3255	0.0
(13, 493)	3256	0.0
(13, 494)	3257	0.0
(13, 495)	3258	0.0
(2, 642)	3259	0.0
(2, 643)	3260	0.0
(10, 276)	3261	0.0
(2, 644)	3262	0.0
(2, 645)	3263	0.0
(11, 90)	3264	0.0
(9, 253)	3265	0.0
(2, 646)	3266	0.0
(10, 277)	3267	0.0
(18, 173)	3268	0.0
(13, 496)	3269	0.0
(2, 647)	3270	0.0
(2, 648)	3271	0.0
(10, 278)	3272	0.0
(2, 649)	3273	0.0
(2, 650)	3274	0.0
(2, 651)	3275	0.0
(13, 497)	3276	0.0
(22, 128)	3277	0.0
(13, 498)	3278	0.0
(4, 180)	3279	0.0
(2, 652)	3280	0.0
(13, 499)	3281	0.0
(13, 500)	3282	0.0
(13, 501)	3283	0.0
(13, 502)	3284	0.0
(13, 503)	3285	0.0
(3, 296)	3286	0.0
(2, 653)	3287	0.0
(10, 279)	3288	0.0
(4, 181)	3289	0.0
(3, 297)	3290	0.0
(2, 654)	3291	0.0
(24, 46)	3292	0.0
(13, 504)	3293	0.0
(13, 505)	3294	0.0
(24, 47)	3295	0.0
(2, 655)	3296	0.0
(2, 656)	3297	0.0
(2, 657)	3298	0.0
(22, 129)	3299	0.0
(22, 130)	3300	0.0
(22, 131)	3301	0.0
(22, 132)	3302	0.0
(3, 298)	3303	0.0
(10, 280)	3304	0.0
(11, 91)	3305	0.0
(3, 299)	3306	0.0
(26, 10)	3307	0.0
(11, 92)	3308	0.0
(11, 93)	3309	0.0
(12, 24)	3310	0.0
(18, 174)	3311	0.0
(11, 94)	3312	0.0
(11, 95)	3313	0.0
(18, 175)	3314	0.0
(18, 176)	3315	0.0
(4, 182)	3316	0.0
(10, 281)	3317	0.0
(12, 25)	3318	0.0
(10, 282)	3319	0.0
(2, 658)	3320	0.0
(3, 300)	3321	0.0
(4, 183)	3322	0.0
(22, 133)	3323	0.0
(22, 134)	3324	0.0
(3, 301)	3325	0.0
(22, 135)	3326	0.0
(4, 184)	3327	0.0
(2, 659)	3328	0.0
(10, 283)	3329	0.0
(10, 284)	3330	0.0
(2, 660)	3331	0.0
(13, 506)	3332	0.0
(13, 507)	3333	0.0
(9, 254)	3334	0.0
(9, 255)	3335	0.0
(10, 285)	3336	0.0
(11, 96)	3337	0.0
(8, 420)	3338	0.0
(8, 421)	3339	0.0
(9, 256)	3340	0.0
(2, 661)	3341	0.0
(13, 508)	3342	0.0
(22, 136)	3343	0.0
(3, 302)	3344	0.0
(22, 137)	3345	0.0
(10, 286)	3346	0.0
(2, 662)	3347	0.0
(22, 138)	3348	0.0
(25, 17)	3349	0.0
(13, 509)	3350	0.0
(3, 303)	3351	0.0
(10, 287)	3352	0.0
(2, 663)	3353	0.0
(2, 664)	3354	0.0
(3, 304)	3355	0.0
(10, 288)	3356	0.0
(10, 289)	3357	0.0
(11, 97)	3358	0.0
(22, 139)	3359	0.0
(24, 48)	3360	0.0
(9, 257)	3361	0.0
(3, 305)	3362	0.0
(3, 306)	3363	0.0
(18, 177)	3364	0.0
(18, 178)	3365	0.0
(18, 179)	3366	0.0
(8, 422)	3367	0.0
(13, 510)	3368	0.0
(22, 140)	3369	0.0
(2, 665)	3370	0.0
(10, 290)	3371	0.0
(10, 291)	3372	0.0
(9, 258)	3373	0.0
(13, 511)	3374	0.0
(13, 512)	3375	0.0
(3, 307)	3376	0.0
(2, 666)	3377	0.0
(2, 667)	3378	0.0
(22, 141)	3379	0.0
(3, 308)	3380	0.0
(2, 668)	3381	0.0
(13, 513)	3382	0.0
(4, 185)	3383	0.0
(3, 309)	3384	0.0
(2, 669)	3385	0.0
(3, 310)	3386	0.0
(13, 514)	3387	0.0
(13, 515)	3388	0.0
(22, 142)	3389	0.0
(2, 670)	3390	0.0
(2, 671)	3391	0.0
(2, 672)	3392	0.0
(2, 673)	3393	0.0
(22, 143)	3394	0.0
(8, 423)	3395	0.0
(10, 292)	3396	0.0
(3, 311)	3397	0.0
(3, 312)	3398	0.0
(3, 313)	3399	0.0
(13, 516)	3400	0.0
(22, 144)	3401	0.0
(22, 145)	3402	0.0
(25, 18)	3403	0.0
(25, 19)	3404	0.0
(24, 49)	3405	0.0
(5, 36)	3406	0.0
(25, 20)	3407	0.0
(2, 674)	3408	0.0
(4, 186)	3409	0.0
(13, 517)	3410	0.0
(4, 187)	3411	0.0
(2, 675)	3412	0.0
(3, 314)	3413	0.0
(2, 676)	3414	0.0
(3, 315)	3415	0.0
(22, 146)	3416	0.0
(2, 677)	3417	0.0
(10, 293)	3418	0.0
(3, 316)	3419	0.0
(22, 147)	3420	0.0
(4, 188)	3421	0.0
(13, 518)	3422	0.0
(10, 294)	3423	0.0
(2, 678)	3424	0.0
(2, 679)	3425	0.0
(8, 424)	3426	0.0
(13, 519)	3427	0.0
(2, 680)	3428	0.0
(2, 681)	3429	0.0
(22, 148)	3430	0.0
(3, 317)	3431	0.0
(13, 520)	3432	0.0
(2, 682)	3433	0.0
(13, 521)	3434	0.0
(3, 318)	3435	0.0
(2, 683)	3436	0.0
(2, 684)	3437	0.0
(8, 425)	3438	0.0
(2, 685)	3439	0.0
(2, 686)	3440	0.0
(3, 319)	3441	0.0
(3, 320)	3442	0.0
(10, 295)	3443	0.0
(2, 687)	3444	0.0
(3, 321)	3445	0.0
(1, 10)	3446	0.0
(1, 11)	3447	0.0
(31, 1)	3448	0.0
(31, 2)	3449	0.0
(3, 322)	3450	0.0
(13, 522)	3451	0.0
(4, 189)	3452	0.0
(4, 190)	3453	0.0
(2, 688)	3454	0.0
(3, 323)	3455	0.0
(8, 426)	3456	0.0
(8, 427)	3457	0.0
(9, 259)	3458	0.0
(18, 180)	3459	0.0
(2, 689)	3460	0.0
(10, 296)	3461	0.0
(10, 297)	3462	0.0
(13, 523)	3463	0.0
(2, 690)	3464	0.0
(13, 524)	3465	0.0
(10, 298)	3466	0.0
(10, 299)	3467	0.0
(2, 691)	3468	0.0
(13, 525)	3469	0.0
(3, 324)	3470	0.0
(4, 191)	3471	0.0
(2, 692)	3472	0.0
(2, 693)	3473	0.0
(10, 300)	3474	0.0
(4, 192)	3475	0.0
(2, 694)	3476	0.0
(2, 695)	3477	0.0
(3, 325)	3478	0.0
(3, 326)	3479	0.0
(22, 149)	3480	0.0
(2, 696)	3481	0.0
(2, 697)	3482	0.0
(10, 301)	3483	0.0
(22, 150)	3484	0.0
(24, 50)	3485	0.0
(3, 327)	3486	0.0
(2, 698)	3487	0.0
(22, 151)	3488	0.0
(22, 152)	3489	0.0
(3, 328)	3490	0.0
(13, 526)	3491	0.0
(22, 153)	3492	0.0
(24, 51)	3493	0.0
(13, 527)	3494	0.0
(2, 699)	3495	0.0
(2, 700)	3496	0.0
(5, 37)	3497	0.0
(8, 428)	3498	0.0
(2, 701)	3499	0.0
(3, 329)	3500	0.0
(13, 528)	3501	0.0
(22, 154)	3502	0.0
(2, 702)	3503	0.0
(2, 703)	3504	0.0
(2, 704)	3505	0.0
(13, 529)	3506	0.0
(13, 530)	3507	0.0
(22, 155)	3508	0.0
(2, 705)	3509	0.0
(13, 531)	3510	0.0
(13, 532)	3511	0.0
(13, 533)	3512	0.0
(2, 706)	3513	0.0
(2, 707)	3514	0.0
(2, 708)	3515	0.0
(22, 156)	3516	0.0
(13, 534)	3517	0.0
(13, 535)	3518	0.0
(13, 536)	3519	0.0
(10, 302)	3520	0.0
(2, 709)	3521	0.0
(3, 330)	3522	0.0
(3, 331)	3523	0.0
(11, 98)	3524	0.0
(13, 537)	3525	0.0
(4, 193)	3526	0.0
(13, 538)	3527	0.0
(22, 157)	3528	0.0
(2, 710)	3529	0.0
(4, 194)	3530	0.0
(13, 539)	3531	0.0
(5, 38)	3532	0.0
(22, 158)	3533	0.0
(3, 332)	3534	0.0
(18, 181)	3535	0.0
(13, 540)	3536	0.0
(4, 195)	3537	0.0
(10, 303)	3538	0.0
(13, 541)	3539	0.0
(13, 542)	3540	0.0
(13, 543)	3541	0.0
(5, 39)	3542	0.0
(2, 711)	3543	0.0
(3, 333)	3544	0.0
(2, 712)	3545	0.0
(2, 713)	3546	0.0
(22, 159)	3547	0.0
(13, 544)	3548	0.0
(8, 429)	3549	0.0
(8, 430)	3550	0.0
(22, 160)	3551	0.0
(22, 161)	3552	0.0
(25, 21)	3553	0.0
(13, 545)	3554	0.0
(22, 162)	3555	0.0
(22, 163)	3556	0.0
(25, 22)	3557	0.0
(18, 182)	3558	0.0
(13, 546)	3559	0.0
(13, 547)	3560	0.0
(13, 548)	3561	0.0
(3, 334)	3562	0.0
(8, 431)	3563	0.0
(12, 26)	3564	0.0
(9, 260)	3565	0.0
(8, 432)	3566	0.0
(18, 183)	3567	0.0
(2, 714)	3568	0.0
(2, 715)	3569	0.0
(10, 304)	3570	0.0
(10, 305)	3571	0.0
(8, 433)	3572	0.0
(9, 261)	3573	0.0
(9, 262)	3574	0.0
(19, 76)	3575	0.0
(11, 99)	3576	0.0
(9, 263)	3577	0.0
(19, 77)	3578	0.0
(8, 434)	3579	0.0
(19, 78)	3580	0.0
(19, 79)	3581	0.0
(8, 435)	3582	0.0
(8, 436)	3583	0.0
(20, 19)	3584	0.0
(19, 80)	3585	0.0
(10, 306)	3586	0.0
(3, 335)	3587	0.0
(24, 52)	3588	0.0
(22, 164)	3589	0.0
(22, 165)	3590	0.0
(22, 166)	3591	0.0
(22, 167)	3592	0.0
(13, 549)	3593	0.0
(13, 550)	3594	0.0
(2, 716)	3595	0.0
(22, 168)	3596	0.0
(24, 53)	3597	0.0
(18, 184)	3598	0.0
(11, 100)	3599	0.0
(18, 185)	3600	0.0
(10, 307)	3601	0.0
(2, 717)	3602	0.0
(13, 551)	3603	0.0
(13, 552)	3604	0.0
(2, 718)	3605	0.0
(22, 169)	3606	0.0
(13, 553)	3607	0.0
(10, 308)	3608	0.0
(10, 309)	3609	0.0
(13, 554)	3610	0.0
(22, 170)	3611	0.0
(13, 555)	3612	0.0
(13, 556)	3613	0.0
(13, 557)	3614	0.0
(2, 719)	3615	0.0
(10, 310)	3616	0.0
(13, 558)	3617	0.0
(3, 336)	3618	0.0
(2, 720)	3619	0.0
(13, 559)	3620	0.0
(4, 196)	3621	0.0
(13, 560)	3622	0.0
(2, 721)	3623	0.0
(2, 722)	3624	0.0
(25, 23)	3625	0.0
(27, 2)	3626	0.0
(32, 1)	3627	0.0
(32, 2)	3628	0.0
(10, 311)	3629	0.0
(13, 561)	3630	0.0
(2, 723)	3631	0.0
(3, 337)	3632	0.0
(13, 562)	3633	0.0
(13, 563)	3634	0.0
(22, 171)	3635	0.0
(22, 172)	3636	0.0
(28, 2)	3637	0.0
(13, 564)	3638	0.0
(2, 724)	3639	0.0
(13, 565)	3640	0.0
(4, 197)	3641	0.0
(3, 338)	3642	0.0
(13, 566)	3643	0.0
(22, 173)	3644	0.0
(2, 725)	3645	0.0
(22, 174)	3646	0.0
(13, 567)	3647	0.0
(2, 726)	3648	0.0
(8, 437)	3649	0.0
(22, 175)	3650	0.0
(25, 24)	3651	0.0
(3, 339)	3652	0.0
(3, 340)	3653	0.0
(2, 727)	3654	0.0
(4, 198)	3655	0.0
(13, 568)	3656	0.0
(8, 438)	3657	0.0
(22, 176)	3658	0.0
(13, 569)	3659	0.0
(4, 199)	3660	0.0
(11, 101)	3661	0.0
(22, 177)	3662	0.0
(22, 178)	3663	0.0
(3, 341)	3664	0.0
(8, 439)	3665	0.0
(3, 342)	3666	0.0
(3, 343)	3667	0.0
(2, 728)	3668	0.0
(2, 729)	3669	0.0
(13, 570)	3670	0.0
(13, 571)	3671	0.0
(3, 344)	3672	0.0
(13, 572)	3673	0.0
(13, 573)	3674	0.0
(13, 574)	3675	0.0
(13, 575)	3676	0.0
(13, 576)	3677	0.0
(2, 730)	3678	0.0
(10, 312)	3679	0.0
(2, 731)	3680	0.0
(2, 732)	3681	0.0
(4, 200)	3682	0.0
(10, 313)	3683	0.0
(9, 264)	3684	0.0
(8, 440)	3685	0.0
(9, 265)	3686	0.0
(9, 266)	3687	0.0
(19, 81)	3688	0.0
(19, 82)	3689	0.0
(18, 186)	3690	0.0
(19, 83)	3691	0.0
(20, 20)	3692	0.0
(21, 12)	3693	0.0
(10, 314)	3694	0.0
(19, 84)	3695	0.0
(2, 733)	3696	0.0
(24, 54)	3697	0.0
(13, 577)	3698	0.0
(2, 734)	3699	0.0
(1, 12)	3700	0.0
(1, 13)	3701	0.0
(22, 179)	3702	0.0
(22, 180)	3703	0.0
(13, 578)	3704	0.0
(8, 441)	3705	0.0
(8, 442)	3706	0.0
(2, 735)	3707	0.0
(2, 736)	3708	0.0
(2, 737)	3709	0.0
(13, 579)	3710	0.0
(22, 181)	3711	0.0
(2, 738)	3712	0.0
(22, 182)	3713	0.0
(22, 183)	3714	0.0
(13, 580)	3715	0.0
(13, 581)	3716	0.0
(2, 739)	3717	0.0
(2, 740)	3718	0.0
(13, 582)	3719	0.0
(2, 741)	3720	0.0
(3, 345)	3721	0.0
(13, 583)	3722	0.0
(13, 584)	3723	0.0
(8, 443)	3724	0.0
(22, 184)	3725	0.0
(13, 585)	3726	0.0
(13, 586)	3727	0.0
(13, 587)	3728	0.0
(2, 742)	3729	0.0
(13, 588)	3730	0.0
(3, 346)	3731	0.0
(3, 347)	3732	0.0
(13, 589)	3733	0.0
(13, 590)	3734	0.0
(2, 743)	3735	0.0
(22, 185)	3736	0.0
(22, 186)	3737	0.0
(22, 187)	3738	0.0
(13, 591)	3739	0.0
(13, 592)	3740	0.0
(13, 593)	3741	0.0
(22, 188)	3742	0.0
(3, 348)	3743	0.0
(8, 444)	3744	0.0
(13, 594)	3745	0.0
(22, 189)	3746	0.0
(3, 349)	3747	0.0
(13, 595)	3748	0.0
(13, 596)	3749	0.0
(3, 350)	3750	0.0
(2, 744)	3751	0.0
(13, 597)	3752	0.0
(22, 190)	3753	0.0
(2, 745)	3754	0.0
(22, 191)	3755	0.0
(3, 351)	3756	0.0
(3, 352)	3757	0.0
(22, 192)	3758	0.0
(13, 598)	3759	0.0
(2, 746)	3760	0.0
(13, 599)	3761	0.0
(13, 600)	3762	0.0
(22, 193)	3763	0.0
(2, 747)	3764	0.0
(3, 353)	3765	0.0
(2, 748)	3766	0.0
(2, 749)	3767	0.0
(10, 315)	3768	0.0
(2, 750)	3769	0.0
(13, 601)	3770	0.0
(25, 25)	3771	0.0
(3, 354)	3772	0.0
(14, 10)	3773	0.0
(2, 751)	3774	0.0
(13, 602)	3775	0.0
(3, 355)	3776	0.0
(2, 752)	3777	0.0
(2, 753)	3778	0.0
(3, 356)	3779	0.0
(18, 187)	3780	0.0
(2, 754)	3781	0.0
(13, 603)	3782	0.0
(22, 194)	3783	0.0
(13, 604)	3784	0.0
(3, 357)	3785	0.0
(22, 195)	3786	0.0
(22, 196)	3787	0.0
(22, 197)	3788	0.0
(13, 605)	3789	0.0
(2, 755)	3790	0.0
(3, 358)	3791	0.0
(13, 606)	3792	0.0
(22, 198)	3793	0.0
(2, 756)	3794	0.0
(13, 607)	3795	0.0
(22, 199)	3796	0.0
(10, 316)	3797	0.0
(13, 608)	3798	0.0
(13, 609)	3799	0.0
(13, 610)	3800	0.0
(22, 200)	3801	0.0
(22, 201)	3802	0.0
(3, 359)	3803	0.0
(3, 360)	3804	0.0
(13, 611)	3805	0.0
(2, 757)	3806	0.0
(2, 758)	3807	0.0
(10, 317)	3808	0.0
(2, 759)	3809	0.0
(13, 612)	3810	0.0
(3, 361)	3811	0.0
(13, 613)	3812	0.0
(13, 614)	3813	0.0
(2, 760)	3814	0.0
(4, 201)	3815	0.0
(2, 761)	3816	0.0
(2, 762)	3817	0.0
(2, 763)	3818	0.0
(13, 615)	3819	0.0
(3, 362)	3820	0.0
(13, 616)	3821	0.0
(13, 617)	3822	0.0
(22, 202)	3823	0.0
(22, 203)	3824	0.0
(25, 26)	3825	0.0
(26, 11)	3826	0.0
(22, 204)	3827	0.0
(3, 363)	3828	0.0
(13, 618)	3829	0.0
(10, 318)	3830	0.0
(13, 619)	3831	0.0
(3, 364)	3832	0.0
(3, 365)	3833	0.0
(3, 366)	3834	0.0
(4, 202)	3835	0.0
(2, 764)	3836	0.0
(2, 765)	3837	0.0
(2, 766)	3838	0.0
(10, 319)	3839	0.0
(13, 620)	3840	0.0
(13, 621)	3841	0.0
(3, 367)	3842	0.0
(8, 445)	3843	0.0
(13, 622)	3844	0.0
(13, 623)	3845	0.0
(13, 624)	3846	0.0
(13, 625)	3847	0.0
(13, 626)	3848	0.0
(2, 767)	3849	0.0
(3, 368)	3850	0.0
(13, 627)	3851	0.0
(13, 628)	3852	0.0
(22, 205)	3853	0.0
(2, 768)	3854	0.0
(15, 34)	3855	0.0
(13, 629)	3856	0.0
(13, 630)	3857	0.0
(13, 631)	3858	0.0
(13, 632)	3859	0.0
(13, 633)	3860	0.0
(10, 320)	3861	0.0
(13, 634)	3862	0.0
(13, 635)	3863	0.0
(13, 636)	3864	0.0
(11, 102)	3865	0.0
(13, 637)	3866	0.0
(10, 321)	3867	0.0
(4, 203)	3868	0.0
(2, 769)	3869	0.0
(10, 322)	3870	0.0
(8, 446)	3871	0.0
(10, 323)	3872	0.0
(24, 55)	3873	0.0
(2, 770)	3874	0.0
(24, 56)	3875	0.0
(13, 638)	3876	0.0
(2, 771)	3877	0.0
(3, 369)	3878	0.0
(13, 639)	3879	0.0
(13, 640)	3880	0.0
(13, 641)	3881	0.0
(13, 642)	3882	0.0
(24, 57)	3883	0.0
(13, 643)	3884	0.0
(10, 324)	3885	0.0
(4, 204)	3886	0.0
(22, 206)	3887	0.0
(13, 644)	3888	0.0
(13, 645)	3889	0.0
(22, 207)	3890	0.0
(3, 370)	3891	0.0
(2, 772)	3892	0.0
(2, 773)	3893	0.0
(13, 646)	3894	0.0
(22, 208)	3895	0.0
(3, 371)	3896	0.0
(3, 372)	3897	0.0
(13, 647)	3898	0.0
(13, 648)	3899	0.0
(13, 649)	3900	0.0
(10, 325)	3901	0.0
(13, 650)	3902	0.0
(3, 373)	3903	0.0
(13, 651)	3904	0.0
(13, 652)	3905	0.0
(2, 774)	3906	0.0
(3, 374)	3907	0.0
(2, 775)	3908	0.0
(13, 653)	3909	0.0
(22, 209)	3910	0.0
(22, 210)	3911	0.0
(2, 776)	3912	0.0
(13, 654)	3913	0.0
(2, 777)	3914	0.0
(3, 375)	3915	0.0
(13, 655)	3916	0.0
(13, 656)	3917	0.0
(2, 778)	3918	0.0
(2, 779)	3919	0.0
(4, 205)	3920	0.0
(13, 657)	3921	0.0
(2, 780)	3922	0.0
(2, 781)	3923	0.0
(13, 658)	3924	0.0
(13, 659)	3925	0.0
(10, 326)	3926	0.0
(3, 376)	3927	0.0
(5, 40)	3928	0.0
(2, 782)	3929	0.0
(8, 447)	3930	0.0
(22, 211)	3931	0.0
(3, 377)	3932	0.0
(22, 212)	3933	0.0
(4, 206)	3934	0.0
(13, 660)	3935	0.0
(3, 378)	3936	0.0
(13, 661)	3937	0.0
(13, 662)	3938	0.0
(13, 663)	3939	0.0
(2, 783)	3940	0.0
(4, 207)	3941	0.0
(13, 664)	3942	0.0
(2, 784)	3943	0.0
(10, 327)	3944	0.0
(24, 58)	3945	0.0
(9, 267)	3946	0.0
(8, 448)	3947	0.0
(8, 449)	3948	0.0
(13, 665)	3949	0.0
(8, 450)	3950	0.0
(4, 208)	3951	0.0
(22, 213)	3952	0.0
(2, 785)	3953	0.0
(22, 214)	3954	0.0
(22, 215)	3955	0.0
(13, 666)	3956	0.0
(13, 667)	3957	0.0
(13, 668)	3958	0.0
(2, 786)	3959	0.0
(25, 27)	3960	0.0
(13, 669)	3961	0.0
(2, 787)	3962	0.0
(8, 451)	3963	0.0
(22, 216)	3964	0.0
(3, 379)	3965	0.0
(2, 788)	3966	0.0
(10, 328)	3967	0.0
(18, 188)	3968	0.0
(18, 189)	3969	0.0
(2, 789)	3970	0.0
(10, 329)	3971	0.0
(4, 209)	3972	0.0
(13, 670)	3973	0.0
(22, 217)	3974	0.0
(3, 380)	3975	0.0
(13, 671)	3976	0.0
(2, 790)	3977	0.0
(2, 791)	3978	0.0
(13, 672)	3979	0.0
(13, 673)	3980	0.0
(8, 452)	3981	0.0
(13, 674)	3982	0.0
(22, 218)	3983	0.0
(13, 675)	3984	0.0
(13, 676)	3985	0.0
(13, 677)	3986	0.0
(22, 219)	3987	0.0
(3, 381)	3988	0.0
(13, 678)	3989	0.0
(5, 41)	3990	0.0
(3, 382)	3991	0.0
(2, 792)	3992	0.0
(13, 679)	3993	0.0
(4, 210)	3994	0.0
(3, 383)	3995	0.0
(13, 680)	3996	0.0
(13, 681)	3997	0.0
(22, 220)	3998	0.0
(13, 682)	3999	0.0
(2, 793)	4000	0.0
(2, 794)	4001	0.0
(13, 683)	4002	0.0
(22, 221)	4003	0.0
(13, 684)	4004	0.0
(22, 222)	4005	0.0
(13, 685)	4006	0.0
(22, 223)	4007	0.0
(22, 224)	4008	0.0
(8, 453)	4009	0.0
(2, 795)	4010	0.0
(2, 796)	4011	0.0
(9, 268)	4012	0.0
(18, 190)	4013	0.0
(2, 797)	4014	0.0
(13, 686)	4015	0.0
(2, 798)	4016	0.0
(10, 330)	4017	0.0
(2, 799)	4018	0.0
(9, 269)	4019	0.0
(8, 454)	4020	0.0
(13, 687)	4021	0.0
(13, 688)	4022	0.0
(2, 800)	4023	0.0
(22, 225)	4024	0.0
(25, 28)	4025	0.0
(13, 689)	4026	0.0
(3, 384)	4027	0.0
(2, 801)	4028	0.0
(13, 690)	4029	0.0
(3, 385)	4030	0.0
(22, 226)	4031	0.0
(13, 691)	4032	0.0
(13, 692)	4033	0.0
(11, 103)	4034	0.0
(13, 693)	4035	0.0
(22, 227)	4036	0.0
(10, 331)	4037	0.0
(22, 228)	4038	0.0
(24, 59)	4039	0.0
(13, 694)	4040	0.0
(3, 386)	4041	0.0
(13, 695)	4042	0.0
(26, 12)	4043	0.0
(2, 802)	4044	0.0
(13, 696)	4045	0.0
(13, 697)	4046	0.0
(13, 698)	4047	0.0
(10, 332)	4048	0.0
(13, 699)	4049	0.0
(22, 229)	4050	0.0
(13, 700)	4051	0.0
(2, 803)	4052	0.0
(10, 333)	4053	0.0
(24, 60)	4054	0.0
(13, 701)	4055	0.0
(3, 387)	4056	0.0
(2, 804)	4057	0.0
(8, 455)	4058	0.0
(2, 805)	4059	0.0
(2, 806)	4060	0.0
(2, 807)	4061	0.0
(2, 808)	4062	0.0
(13, 702)	4063	0.0
(15, 35)	4064	0.0
(13, 703)	4065	0.0
(13, 704)	4066	0.0
(13, 705)	4067	0.0
(10, 334)	4068	0.0
(3, 388)	4069	0.0
(3, 389)	4070	0.0
(3, 390)	4071	0.0
(22, 230)	4072	0.0
(13, 706)	4073	0.0
(8, 456)	4074	0.0
(3, 391)	4075	0.0
(2, 809)	4076	0.0
(8, 457)	4077	0.0
(8, 458)	4078	0.0
(13, 707)	4079	0.0
(18, 191)	4080	0.0
(2, 810)	4081	0.0
(13, 708)	4082	0.0
(13, 709)	4083	0.0
(13, 710)	4084	0.0
(13, 711)	4085	0.0
(2, 811)	4086	0.0
(4, 211)	4087	0.0
(9, 270)	4088	0.0
(2, 812)	4089	0.0
(13, 712)	4090	0.0
(13, 713)	4091	0.0
(2, 813)	4092	0.0
(25, 29)	4093	0.0
(10, 335)	4094	0.0
(13, 714)	4095	0.0
(22, 231)	4096	0.0
(4, 212)	4097	0.0
(13, 715)	4098	0.0
(13, 716)	4099	0.0
(13, 717)	4100	0.0
(22, 232)	4101	0.0
(3, 392)	4102	0.0
(4, 213)	4103	0.0
(2, 814)	4104	0.0
(2, 815)	4105	0.0
(13, 718)	4106	0.0
(9, 271)	4107	0.0
(9, 272)	4108	0.0
(2, 816)	4109	0.0
(9, 273)	4110	0.0
(2, 817)	4111	0.0
(11, 104)	4112	0.0
(13, 719)	4113	0.0
(13, 720)	4114	0.0
(2, 818)	4115	0.0
(18, 192)	4116	0.0
(18, 193)	4117	0.0
(18, 194)	4118	0.0
(4, 214)	4119	0.0
(4, 215)	4120	0.0
(2, 819)	4121	0.0
(13, 721)	4122	0.0
(13, 722)	4123	0.0
(3, 393)	4124	0.0
(2, 820)	4125	0.0
(2, 821)	4126	0.0
(2, 822)	4127	0.0
(13, 723)	4128	0.0
(13, 724)	4129	0.0
(13, 725)	4130	0.0
(2, 823)	4131	0.0
(2, 824)	4132	0.0
(10, 336)	4133	0.0
(2, 825)	4134	0.0
(18, 195)	4135	0.0
(32, 3)	4136	0.0
(22, 233)	4137	0.0
(22, 234)	4138	0.0
(22, 235)	4139	0.0
(2, 826)	4140	0.0
(2, 827)	4141	0.0
(2, 828)	4142	0.0
(13, 726)	4143	0.0
(8, 459)	4144	0.0
(13, 727)	4145	0.0
(2, 829)	4146	0.0
(18, 196)	4147	0.0
(18, 197)	4148	0.0
(18, 198)	4149	0.0
(8, 460)	4150	0.0
(13, 728)	4151	0.0
(13, 729)	4152	0.0
(13, 730)	4153	0.0
(22, 236)	4154	0.0
(22, 237)	4155	0.0
(22, 238)	4156	0.0
(28, 3)	4157	0.0
(18, 199)	4158	0.0
(9, 274)	4159	0.0
(9, 275)	4160	0.0
(2, 830)	4161	0.0
(10, 337)	4162	0.0
(13, 731)	4163	0.0
(13, 732)	4164	0.0
(13, 733)	4165	0.0
(4, 216)	4166	0.0
(22, 239)	4167	0.0
(2, 831)	4168	0.0
(13, 734)	4169	0.0
(22, 240)	4170	0.0
(2, 832)	4171	0.0
(10, 338)	4172	0.0
(22, 241)	4173	0.0
(4, 217)	4174	0.0
(10, 339)	4175	0.0
(2, 833)	4176	0.0
(13, 735)	4177	0.0
(2, 834)	4178	0.0
(3, 394)	4179	0.0
(3, 395)	4180	0.0
(2, 835)	4181	0.0
(2, 836)	4182	0.0
(10, 340)	4183	0.0
(2, 837)	4184	0.0
(2, 838)	4185	0.0
(10, 341)	4186	0.0
(10, 342)	4187	0.0
(3, 396)	4188	0.0
(13, 736)	4189	0.0
(10, 343)	4190	0.0
(10, 344)	4191	0.0
(10, 345)	4192	0.0
(18, 200)	4193	0.0
(4, 218)	4194	0.0
(2, 839)	4195	0.0
(13, 737)	4196	0.0
(2, 840)	4197	0.0
(3, 397)	4198	0.0
(13, 738)	4199	0.0
(13, 739)	4200	0.0
(13, 740)	4201	0.0
(22, 242)	4202	0.0
(25, 30)	4203	0.0
(13, 741)	4204	0.0
(13, 742)	4205	0.0
(13, 743)	4206	0.0
(11, 105)	4207	0.0
(2, 841)	4208	0.0
(13, 744)	4209	0.0
(18, 201)	4210	0.0
(13, 745)	4211	0.0
(10, 346)	4212	0.0
(13, 746)	4213	0.0
(13, 747)	4214	0.0
(13, 748)	4215	0.0
(11, 106)	4216	0.0
(18, 202)	4217	0.0
(10, 347)	4218	0.0
(10, 348)	4219	0.0
(11, 107)	4220	0.0
(13, 749)	4221	0.0
(11, 108)	4222	0.0
(13, 750)	4223	0.0
(13, 751)	4224	0.0
(13, 752)	4225	0.0
(13, 753)	4226	0.0
(4, 219)	4227	0.0
(13, 754)	4228	0.0
(13, 755)	4229	0.0
(22, 243)	4230	0.0
(22, 244)	4231	0.0
(10, 349)	4232	0.0
(10, 350)	4233	0.0
(2, 842)	4234	0.0
(10, 351)	4235	0.0
(13, 756)	4236	0.0
(13, 757)	4237	0.0
(22, 245)	4238	0.0
(2, 843)	4239	0.0
(13, 758)	4240	0.0
(10, 352)	4241	0.0
(10, 353)	4242	0.0
(2, 844)	4243	0.0
(10, 354)	4244	0.0
(10, 355)	4245	0.0
(2, 845)	4246	0.0
(25, 31)	4247	0.0
(2, 846)	4248	0.0
(1, 14)	4249	0.0
(1, 15)	4250	0.0
(31, 3)	4251	0.0
(31, 4)	4252	0.0
(31, 5)	4253	0.0
(13, 759)	4254	0.0
(13, 760)	4255	0.0
(13, 761)	4256	0.0
(9, 276)	4257	0.0
(22, 246)	4258	0.0
(13, 762)	4259	0.0
(13, 763)	4260	0.0
(2, 847)	4261	0.0
(3, 398)	4262	0.0
(22, 247)	4263	0.0
(3, 399)	4264	0.0
(3, 400)	4265	0.0
(13, 764)	4266	0.0
(22, 248)	4267	0.0
(2, 848)	4268	0.0
(13, 765)	4269	0.0
(13, 766)	4270	0.0
(10, 356)	4271	0.0
(13, 767)	4272	0.0
(2, 849)	4273	0.0
(2, 850)	4274	0.0
(10, 357)	4275	0.0
(13, 768)	4276	0.0
(2, 851)	4277	0.0
(4, 220)	4278	0.0
(13, 769)	4279	0.0
(2, 852)	4280	0.0
(2, 853)	4281	0.0
(2, 854)	4282	0.0
(2, 855)	4283	0.0
(4, 221)	4284	0.0
(10, 358)	4285	0.0
(22, 249)	4286	0.0
(18, 203)	4287	0.0
(10, 359)	4288	0.0
(22, 250)	4289	0.0
(4, 222)	4290	0.0
(13, 770)	4291	0.0
(33, 1)	4292	0.0
(27, 3)	4293	0.0
(3, 401)	4294	0.0
(2, 856)	4295	0.0
(3, 402)	4296	0.0
(10, 360)	4297	0.0
(13, 771)	4298	0.0
(18, 204)	4299	0.0
(22, 251)	4300	0.0
(24, 61)	4301	0.0
(3, 403)	4302	0.0
(2, 857)	4303	0.0
(25, 32)	4304	0.0
(2, 858)	4305	0.0
(22, 252)	4306	0.0
(9, 277)	4307	0.0
(9, 278)	4308	0.0
(9, 279)	4309	0.0
(18, 205)	4310	0.0
(18, 206)	4311	0.0
(23, 7)	4312	0.0
(8, 461)	4313	0.0
(8, 462)	4314	0.0
(8, 463)	4315	0.0
(8, 464)	4316	0.0
(8, 465)	4317	0.0
(8, 466)	4318	0.0
(9, 280)	4319	0.0
(20, 21)	4320	0.0
(18, 207)	4321	0.0
(9, 281)	4322	0.0
(9, 282)	4323	0.0
(18, 208)	4324	0.0
(9, 283)	4325	0.0
(19, 85)	4326	0.0
(22, 253)	4327	0.0
(22, 254)	4328	0.0
(2, 859)	4329	0.0
(10, 361)	4330	0.0
(2, 860)	4331	0.0
(2, 861)	4332	0.0
(3, 404)	4333	0.0
(2, 862)	4334	0.0
(8, 467)	4335	0.0
(8, 468)	4336	0.0
(8, 469)	4337	0.0
(9, 284)	4338	0.0
(2, 863)	4339	0.0
(2, 864)	4340	0.0
(8, 470)	4341	0.0
(8, 471)	4342	0.0
(2, 865)	4343	0.0
(9, 285)	4344	0.0
(9, 286)	4345	0.0
(9, 287)	4346	0.0
(19, 86)	4347	0.0
(19, 87)	4348	0.0
(20, 22)	4349	0.0
(13, 772)	4350	0.0
(3, 405)	4351	0.0
(10, 362)	4352	0.0
(22, 255)	4353	0.0
(13, 773)	4354	0.0
(10, 363)	4355	0.0
(10, 364)	4356	0.0
(2, 866)	4357	0.0
(2, 867)	4358	0.0
(2, 868)	4359	0.0
(4, 223)	4360	0.0
(3, 406)	4361	0.0
(8, 472)	4362	0.0
(2, 869)	4363	0.0
(13, 774)	4364	0.0
(3, 407)	4365	0.0
(24, 62)	4366	0.0
(14, 11)	4367	0.0
(2, 870)	4368	0.0
(2, 871)	4369	0.0
(13, 775)	4370	0.0
(13, 776)	4371	0.0
(2, 872)	4372	0.0
(22, 256)	4373	0.0
(13, 777)	4374	0.0
(25, 33)	4375	0.0
(13, 778)	4376	0.0
(18, 209)	4377	0.0
(2, 873)	4378	0.0
(13, 779)	4379	0.0
(13, 780)	4380	0.0
(13, 781)	4381	0.0
(18, 210)	4382	0.0
(10, 365)	4383	0.0
(10, 366)	4384	0.0
(10, 367)	4385	0.0
(13, 782)	4386	0.0
(22, 257)	4387	0.0
(13, 783)	4388	0.0
(13, 784)	4389	0.0
(13, 785)	4390	0.0
(3, 408)	4391	0.0
(13, 786)	4392	0.0
(22, 258)	4393	0.0
(22, 259)	4394	0.0
(2, 874)	4395	0.0
(24, 63)	4396	0.0
(22, 260)	4397	0.0
(9, 288)	4398	0.0
(8, 473)	4399	0.0
(8, 474)	4400	0.0
(19, 88)	4401	0.0
(19, 89)	4402	0.0
(9, 289)	4403	0.0
(9, 290)	4404	0.0
(19, 90)	4405	0.0
(8, 475)	4406	0.0
(18, 211)	4407	0.0
(10, 368)	4408	0.0
(10, 369)	4409	0.0
(22, 261)	4410	0.0
(2, 875)	4411	0.0
(3, 409)	4412	0.0
(18, 212)	4413	0.0
(10, 370)	4414	0.0
(10, 371)	4415	0.0
(10, 372)	4416	0.0
(11, 109)	4417	0.0
(2, 876)	4418	0.0
(2, 877)	4419	0.0
(2, 878)	4420	0.0
(10, 373)	4421	0.0
(10, 374)	4422	0.0
(10, 375)	4423	0.0
(10, 376)	4424	0.0
(2, 879)	4425	0.0
(2, 880)	4426	0.0
(13, 787)	4427	0.0
(2, 881)	4428	0.0
(2, 882)	4429	0.0
(8, 476)	4430	0.0
(13, 788)	4431	0.0
(13, 789)	4432	0.0
(13, 790)	4433	0.0
(22, 262)	4434	0.0
(2, 883)	4435	0.0
(18, 213)	4436	0.0
(8, 477)	4437	0.0
(2, 884)	4438	0.0
(26, 13)	4439	0.0
(2, 885)	4440	0.0
(2, 886)	4441	0.0
(2, 887)	4442	0.0
(13, 791)	4443	0.0
(2, 888)	4444	0.0
(22, 263)	4445	0.0
(13, 792)	4446	0.0
(8, 478)	4447	0.0
(13, 793)	4448	0.0
(10, 377)	4449	0.0
(13, 794)	4450	0.0
(13, 795)	4451	0.0
(13, 796)	4452	0.0
(18, 214)	4453	0.0
(2, 889)	4454	0.0
(10, 378)	4455	0.0
(10, 379)	4456	0.0
(18, 215)	4457	0.0
(22, 264)	4458	0.0
(3, 410)	4459	0.0
(10, 380)	4460	0.0
(13, 797)	4461	0.0
(13, 798)	4462	0.0
(10, 381)	4463	0.0
(3, 411)	4464	0.0
(13, 799)	4465	0.0
(11, 110)	4466	0.0
(11, 111)	4467	0.0
(1, 16)	4468	0.0
(9, 291)	4469	0.0
(12, 27)	4470	0.0
(9, 292)	4471	0.0
(9, 293)	4472	0.0
(9, 294)	4473	0.0
(9, 295)	4474	0.0
(9, 296)	4475	0.0
(9, 297)	4476	0.0
(9, 298)	4477	0.0
(19, 91)	4478	0.0
(9, 299)	4479	0.0
(9, 300)	4480	0.0
(11, 112)	4481	0.0
(12, 28)	4482	0.0
(9, 301)	4483	0.0
(11, 113)	4484	0.0
(11, 114)	4485	0.0
(18, 216)	4486	0.0
(18, 217)	4487	0.0
(13, 800)	4488	0.0
(13, 801)	4489	0.0
(13, 802)	4490	0.0
(13, 803)	4491	0.0
(18, 218)	4492	0.0
(18, 219)	4493	0.0
(13, 804)	4494	0.0
(13, 805)	4495	0.0
(18, 220)	4496	0.0
(13, 806)	4497	0.0
(13, 807)	4498	0.0
(13, 808)	4499	0.0
(13, 809)	4500	0.0
(18, 221)	4501	0.0
(15, 36)	4502	0.0
(13, 810)	4503	0.0
(13, 811)	4504	0.0
(13, 812)	4505	0.0
(18, 222)	4506	0.0
(18, 223)	4507	0.0
(18, 224)	4508	0.0
(10, 382)	4509	0.0
(18, 225)	4510	0.0
(13, 813)	4511	0.0
(13, 814)	4512	0.0
(4, 224)	4513	0.0
(13, 815)	4514	0.0
(13, 816)	4515	0.0
(10, 383)	4516	0.0
(13, 817)	4517	0.0
(13, 818)	4518	0.0
(19, 92)	4519	0.0
(20, 23)	4520	0.0
(20, 24)	4521	0.0
(13, 819)	4522	0.0
(19, 93)	4523	0.0
(19, 94)	4524	0.0
(8, 479)	4525	0.0
(13, 820)	4526	0.0
(13, 821)	4527	0.0
(13, 822)	4528	0.0
(9, 302)	4529	0.0
(13, 823)	4530	0.0
(13, 824)	4531	0.0
(22, 265)	4532	0.0
(2, 890)	4533	0.0
(2, 891)	4534	0.0
(2, 892)	4535	0.0
(2, 893)	4536	0.0
(13, 825)	4537	0.0
(10, 384)	4538	0.0
(2, 894)	4539	0.0
(10, 385)	4540	0.0
(8, 480)	4541	0.0
(8, 481)	4542	0.0
(13, 826)	4543	0.0
(13, 827)	4544	0.0
(18, 226)	4545	0.0
(2, 895)	4546	0.0
(9, 303)	4547	0.0
(18, 227)	4548	0.0
(10, 386)	4549	0.0
(10, 387)	4550	0.0
(9, 304)	4551	0.0
(9, 305)	4552	0.0
(18, 228)	4553	0.0
(18, 229)	4554	0.0
(9, 306)	4555	0.0
(10, 388)	4556	0.0
(8, 482)	4557	0.0
(8, 483)	4558	0.0
(13, 828)	4559	0.0
(13, 829)	4560	0.0
(4, 225)	4561	0.0
(13, 830)	4562	0.0
(2, 896)	4563	0.0
(26, 14)	4564	0.0
(2, 897)	4565	0.0
(8, 484)	4566	0.0
(13, 831)	4567	0.0
(1, 17)	4568	0.0
(1, 18)	4569	0.0
(9, 307)	4570	0.0
(19, 95)	4571	0.0
(8, 485)	4572	0.0
(13, 832)	4573	0.0
(13, 833)	4574	0.0
(2, 898)	4575	0.0
(13, 834)	4576	0.0
(2, 899)	4577	0.0
(22, 266)	4578	0.0
(2, 900)	4579	0.0
(10, 389)	4580	0.0
(2, 901)	4581	0.0
(13, 835)	4582	0.0
(10, 390)	4583	0.0
(2, 902)	4584	0.0
(13, 836)	4585	0.0
(18, 230)	4586	0.0
(10, 391)	4587	0.0
(2, 903)	4588	0.0
(13, 837)	4589	0.0
(9, 308)	4590	0.0
(10, 392)	4591	0.0
(18, 231)	4592	0.0
(13, 838)	4593	0.0
(18, 232)	4594	0.0
(2, 904)	4595	0.0
(10, 393)	4596	0.0
(13, 839)	4597	0.0
(24, 64)	4598	0.0
(8, 486)	4599	0.0
(3, 412)	4600	0.0
(13, 840)	4601	0.0
(22, 267)	4602	0.0
(25, 34)	4603	0.0
(28, 4)	4604	0.0
(13, 841)	4605	0.0
(2, 905)	4606	0.0
(13, 842)	4607	0.0
(2, 906)	4608	0.0
(2, 907)	4609	0.0
(22, 268)	4610	0.0
(25, 35)	4611	0.0
(22, 269)	4612	0.0
(8, 487)	4613	0.0
(8, 488)	4614	0.0
(9, 309)	4615	0.0
(8, 489)	4616	0.0
(9, 310)	4617	0.0
(9, 311)	4618	0.0
(9, 312)	4619	0.0
(2, 908)	4620	0.0
(3, 413)	4621	0.0
(2, 909)	4622	0.0
(3, 414)	4623	0.0
(13, 843)	4624	0.0
(22, 270)	4625	0.0
(8, 490)	4626	0.0
(8, 491)	4627	0.0
(2, 910)	4628	0.0
(2, 911)	4629	0.0
(2, 912)	4630	0.0
(2, 913)	4631	0.0
(2, 914)	4632	0.0
(2, 915)	4633	0.0
(13, 844)	4634	0.0
(4, 226)	4635	0.0
(22, 271)	4636	0.0
(2, 916)	4637	0.0
(2, 917)	4638	0.0
(10, 394)	4639	0.0
(9, 313)	4640	0.0
(8, 492)	4641	0.0
(2, 918)	4642	0.0
(22, 272)	4643	0.0
(2, 919)	4644	0.0
(13, 845)	4645	0.0
(22, 273)	4646	0.0
(3, 415)	4647	0.0
(13, 846)	4648	0.0
(13, 847)	4649	0.0
(22, 274)	4650	0.0
(5, 42)	4651	0.0
(22, 275)	4652	0.0
(2, 920)	4653	0.0
(4, 227)	4654	0.0
(3, 416)	4655	0.0
(22, 276)	4656	0.0
(22, 277)	4657	0.0
(8, 493)	4658	0.0
(13, 848)	4659	0.0
(13, 849)	4660	0.0
(24, 65)	4661	0.0
(2, 921)	4662	0.0
(13, 850)	4663	0.0
(13, 851)	4664	0.0
(22, 278)	4665	0.0
(13, 852)	4666	0.0
(2, 922)	4667	0.0
(13, 853)	4668	0.0
(24, 66)	4669	0.0
(2, 923)	4670	0.0
(13, 854)	4671	0.0
(22, 279)	4672	0.0
(3, 417)	4673	0.0
(18, 233)	4674	0.0
(2, 924)	4675	0.0
(2, 925)	4676	0.0
(2, 926)	4677	0.0
(3, 418)	4678	0.0
(3, 419)	4679	0.0
(13, 855)	4680	0.0
(2, 927)	4681	0.0
(25, 36)	4682	0.0
(8, 494)	4683	0.0
(13, 856)	4684	0.0
(8, 495)	4685	0.0
(4, 228)	4686	0.0
(3, 420)	4687	0.0
(13, 857)	4688	0.0
(2, 928)	4689	0.0
(1, 19)	4690	0.0
(31, 6)	4691	0.0
(25, 37)	4692	0.0
(28, 5)	4693	0.0
(13, 858)	4694	0.0
(2, 929)	4695	0.0
(2, 930)	4696	0.0
(13, 859)	4697	0.0
(3, 421)	4698	0.0
(22, 280)	4699	0.0
(3, 422)	4700	0.0
(3, 423)	4701	0.0
(22, 281)	4702	0.0
(3, 424)	4703	0.0
(3, 425)	4704	0.0
(22, 282)	4705	0.0
(22, 283)	4706	0.0
(13, 860)	4707	0.0
(13, 861)	4708	0.0
(22, 284)	4709	0.0
(24, 67)	4710	0.0
(2, 931)	4711	0.0
(10, 395)	4712	0.0
(13, 862)	4713	0.0
(13, 863)	4714	0.0
(2, 932)	4715	0.0
(13, 864)	4716	0.0
(2, 933)	4717	0.0
(13, 865)	4718	0.0
(13, 866)	4719	0.0
(13, 867)	4720	0.0
(13, 868)	4721	0.0
(13, 869)	4722	0.0
(13, 870)	4723	0.0
(8, 496)	4724	0.0
(8, 497)	4725	0.0
(2, 934)	4726	0.0
(10, 396)	4727	0.0
(13, 871)	4728	0.0
(8, 498)	4729	0.0
(24, 68)	4730	0.0
(3, 426)	4731	0.0
(2, 935)	4732	0.0
(25, 38)	4733	0.0
(4, 229)	4734	0.0
(8, 499)	4735	0.0
(13, 872)	4736	0.0
(13, 873)	4737	0.0
(3, 427)	4738	0.0
(13, 874)	4739	0.0
(8, 500)	4740	0.0
(10, 397)	4741	0.0
(2, 936)	4742	0.0
(2, 937)	4743	0.0
(13, 875)	4744	0.0
(2, 938)	4745	0.0
(2, 939)	4746	0.0
(2, 940)	4747	0.0
(2, 941)	4748	0.0
(9, 314)	4749	0.0
(8, 501)	4750	0.0
(13, 876)	4751	0.0
(2, 942)	4752	0.0
(2, 943)	4753	0.0
(13, 877)	4754	0.0
(2, 944)	4755	0.0
(2, 945)	4756	0.0
(22, 285)	4757	0.0
(25, 39)	4758	0.0
(2, 946)	4759	0.0
(2, 947)	4760	0.0
(2, 948)	4761	0.0
(13, 878)	4762	0.0
(2, 949)	4763	0.0
(13, 879)	4764	0.0
(22, 286)	4765	0.0
(22, 287)	4766	0.0
(2, 950)	4767	0.0
(20, 25)	4768	0.0
(20, 26)	4769	0.0
(2, 951)	4770	0.0
(19, 96)	4771	0.0
(8, 502)	4772	0.0
(9, 315)	4773	0.0
(9, 316)	4774	0.0
(18, 234)	4775	0.0
(8, 503)	4776	0.0
(9, 317)	4777	0.0
(9, 318)	4778	0.0
(9, 319)	4779	0.0
(18, 235)	4780	0.0
(8, 504)	4781	0.0
(9, 320)	4782	0.0
(13, 880)	4783	0.0
(2, 952)	4784	0.0
(9, 321)	4785	0.0
(13, 881)	4786	0.0
(13, 882)	4787	0.0
(22, 288)	4788	0.0
(13, 883)	4789	0.0
(2, 953)	4790	0.0
(18, 236)	4791	0.0
(8, 505)	4792	0.0
(9, 322)	4793	0.0
(9, 323)	4794	0.0
(9, 324)	4795	0.0
(9, 325)	4796	0.0
(9, 326)	4797	0.0
(19, 97)	4798	0.0
(19, 98)	4799	0.0
(21, 13)	4800	0.0
(13, 884)	4801	0.0
(13, 885)	4802	0.0
(2, 954)	4803	0.0
(13, 886)	4804	0.0
(10, 398)	4805	0.0
(3, 428)	4806	0.0
(4, 230)	4807	0.0
(13, 887)	4808	0.0
(2, 955)	4809	0.0
(2, 956)	4810	0.0
(3, 429)	4811	0.0
(4, 231)	4812	0.0
(13, 888)	4813	0.0
(22, 289)	4814	0.0
(13, 889)	4815	0.0
(28, 6)	4816	0.0
(3, 430)	4817	0.0
(22, 290)	4818	0.0
(13, 890)	4819	0.0
(22, 291)	4820	0.0
(3, 431)	4821	0.0
(3, 432)	4822	0.0
(13, 891)	4823	0.0
(4, 232)	4824	0.0
(28, 7)	4825	0.0
(8, 506)	4826	0.0
(8, 507)	4827	0.0
(8, 508)	4828	0.0
(2, 957)	4829	0.0
(3, 433)	4830	0.0
(13, 892)	4831	0.0
(13, 893)	4832	0.0
(13, 894)	4833	0.0
(22, 292)	4834	0.0
(13, 895)	4835	0.0
(13, 896)	4836	0.0
(2, 958)	4837	0.0
(2, 959)	4838	0.0
(2, 960)	4839	0.0
(9, 327)	4840	0.0
(8, 509)	4841	0.0
(2, 961)	4842	0.0
(9, 328)	4843	0.0
(9, 329)	4844	0.0
(2, 962)	4845	0.0
(2, 963)	4846	0.0
(9, 330)	4847	0.0
(2, 964)	4848	0.0
(2, 965)	4849	0.0
(13, 897)	4850	0.0
(22, 293)	4851	0.0
(22, 294)	4852	0.0
(2, 966)	4853	0.0
(2, 967)	4854	0.0
(4, 233)	4855	0.0
(3, 434)	4856	0.0
(2, 968)	4857	0.0
(3, 435)	4858	0.0
(10, 399)	4859	0.0
(13, 898)	4860	0.0
(10, 400)	4861	0.0
(13, 899)	4862	0.0
(3, 436)	4863	0.0
(24, 69)	4864	0.0
(14, 12)	4865	0.0
(2, 969)	4866	0.0
(10, 401)	4867	0.0
(22, 295)	4868	0.0
(13, 900)	4869	0.0
(9, 331)	4870	0.0
(8, 510)	4871	0.0
(8, 511)	4872	0.0
(8, 512)	4873	0.0
(5, 43)	4874	0.0
(8, 513)	4875	0.0
(8, 514)	4876	0.0
(8, 515)	4877	0.0
(17, 9)	4878	0.0
(8, 516)	4879	0.0
(8, 517)	4880	0.0
(11, 115)	4881	0.0
(8, 518)	4882	0.0
(3, 437)	4883	0.0
(13, 901)	4884	0.0
(22, 296)	4885	0.0
(3, 438)	4886	0.0
(3, 439)	4887	0.0
(13, 902)	4888	0.0
(11, 116)	4889	0.0
(8, 519)	4890	0.0
(3, 440)	4891	0.0
(8, 520)	4892	0.0
(3, 441)	4893	0.0
(22, 297)	4894	0.0
(3, 442)	4895	0.0
(8, 521)	4896	0.0
(10, 402)	4897	0.0
(13, 903)	4898	0.0
(8, 522)	4899	0.0
(2, 970)	4900	0.0
(2, 971)	4901	0.0
(2, 972)	4902	0.0
(13, 904)	4903	0.0
(10, 403)	4904	0.0
(10, 404)	4905	0.0
(22, 298)	4906	0.0
(22, 299)	4907	0.0
(13, 905)	4908	0.0
(2, 973)	4909	0.0
(2, 974)	4910	0.0
(8, 523)	4911	0.0
(13, 906)	4912	0.0
(3, 443)	4913	0.0
(8, 524)	4914	0.0
(13, 907)	4915	0.0
(2, 975)	4916	0.0
(8, 525)	4917	0.0
(8, 526)	4918	0.0
(10, 405)	4919	0.0
(13, 908)	4920	0.0
(2, 976)	4921	0.0
(2, 977)	4922	0.0
(8, 527)	4923	0.0
(13, 909)	4924	0.0
(2, 978)	4925	0.0
(2, 979)	4926	0.0
(2, 980)	4927	0.0
(10, 406)	4928	0.0
(22, 300)	4929	0.0
(4, 234)	4930	0.0
(10, 407)	4931	0.0
(9, 332)	4932	0.0
(13, 910)	4933	0.0
(2, 981)	4934	0.0
(2, 982)	4935	0.0
(3, 444)	4936	0.0
(3, 445)	4937	0.0
(2, 983)	4938	0.0
(3, 446)	4939	0.0
(9, 333)	4940	0.0
(9, 334)	4941	0.0
(2, 984)	4942	0.0
(8, 528)	4943	0.0
(2, 985)	4944	0.0
(3, 447)	4945	0.0
(13, 911)	4946	0.0
(8, 529)	4947	0.0
(13, 912)	4948	0.0
(8, 530)	4949	0.0
(8, 531)	4950	0.0
(3, 448)	4951	0.0
(2, 986)	4952	0.0
(8, 532)	4953	0.0
(8, 533)	4954	0.0
(8, 534)	4955	0.0
(2, 987)	4956	0.0
(31, 7)	4957	0.0
(22, 301)	4958	0.0
(9, 335)	4959	0.0
(2, 988)	4960	0.0
(2, 989)	4961	0.0
(8, 535)	4962	0.0
(9, 336)	4963	0.0
(2, 990)	4964	0.0
(2, 991)	4965	0.0
(2, 992)	4966	0.0
(8, 536)	4967	0.0
(9, 337)	4968	0.0
(9, 338)	4969	0.0
(9, 339)	4970	0.0
(8, 537)	4971	0.0
(8, 538)	4972	0.0
(18, 237)	4973	0.0
(2, 993)	4974	0.0
(10, 408)	4975	0.0
(8, 539)	4976	0.0
(9, 340)	4977	0.0
(9, 341)	4978	0.0
(9, 342)	4979	0.0
(2, 994)	4980	0.0
(8, 540)	4981	0.0
(8, 541)	4982	0.0
(9, 343)	4983	0.0
(3, 449)	4984	0.0
(3, 450)	4985	0.0
(3, 451)	4986	0.0
(3, 452)	4987	0.0
(22, 302)	4988	0.0
(2, 995)	4989	0.0
(10, 409)	4990	0.0
(8, 542)	4991	0.0
(8, 543)	4992	0.0
(8, 544)	4993	0.0
(22, 303)	4994	0.0
(25, 40)	4995	0.0
(2, 996)	4996	0.0
(9, 344)	4997	0.0
(8, 545)	4998	0.0
(2, 997)	4999	0.0
(2, 998)	5000	0.0
(13, 913)	5001	0.0
(8, 546)	5002	0.0
(3, 453)	5003	0.0
(9, 345)	5004	0.0
(3, 454)	5005	0.0
(18, 238)	5006	0.0
(13, 914)	5007	0.0
(22, 304)	5008	0.0
(22, 305)	5009	0.0
(13, 915)	5010	0.0
(8, 547)	5011	0.0
(9, 346)	5012	0.0
(2, 999)	5013	0.0
(2, 1000)	5014	0.0
(22, 306)	5015	0.0
(25, 41)	5016	0.0
(8, 548)	5017	0.0
(13, 916)	5018	0.0
(13, 917)	5019	0.0
(13, 918)	5020	0.0
(3, 455)	5021	0.0
(8, 549)	5022	0.0
(9, 347)	5023	0.0
(2, 1001)	5024	0.0
(13, 919)	5025	0.0
(8, 550)	5026	0.0
(13, 920)	5027	0.0
(2, 1002)	5028	0.0
(22, 307)	5029	0.0
(3, 456)	5030	0.0
(2, 1003)	5031	0.0
(2, 1004)	5032	0.0
(2, 1005)	5033	0.0
(2, 1006)	5034	0.0
(9, 348)	5035	0.0
(2, 1007)	5036	0.0
(10, 410)	5037	0.0
(11, 117)	5038	0.0
(22, 308)	5039	0.0
(2, 1008)	5040	0.0
(2, 1009)	5041	0.0
(8, 551)	5042	0.0
(9, 349)	5043	0.0
(8, 552)	5044	0.0
(2, 1010)	5045	0.0
(8, 553)	5046	0.0
(8, 554)	5047	0.0
(2, 1011)	5048	0.0
(3, 457)	5049	0.0
(13, 921)	5050	0.0
(3, 458)	5051	0.0
(8, 555)	5052	0.0
(2, 1012)	5053	0.0
(2, 1013)	5054	0.0
(3, 459)	5055	0.0
(2, 1014)	5056	0.0
(22, 309)	5057	0.0
(22, 310)	5058	0.0
(24, 70)	5059	0.0
(2, 1015)	5060	0.0
(8, 556)	5061	0.0
(19, 99)	5062	0.0
(18, 239)	5063	0.0
(10, 411)	5064	0.0
(9, 350)	5065	0.0
(9, 351)	5066	0.0
(19, 100)	5067	0.0
(2, 1016)	5068	0.0
(4, 235)	5069	0.0
(22, 311)	5070	0.0
(2, 1017)	5071	0.0
(2, 1018)	5072	0.0
(4, 236)	5073	0.0
(2, 1019)	5074	0.0
(2, 1020)	5075	0.0
(8, 557)	5076	0.0
(9, 352)	5077	0.0
(13, 922)	5078	0.0
(22, 312)	5079	0.0
(10, 412)	5080	0.0
(2, 1021)	5081	0.0
(4, 237)	5082	0.0
(2, 1022)	5083	0.0
(22, 313)	5084	0.0
(9, 353)	5085	0.0
(3, 460)	5086	0.0
(2, 1023)	5087	0.0
(2, 1024)	5088	0.0
(2, 1025)	5089	0.0
(10, 413)	5090	0.0
(13, 923)	5091	0.0
(2, 1026)	5092	0.0
(3, 461)	5093	0.0
(13, 924)	5094	0.0
(22, 314)	5095	0.0
(22, 315)	5096	0.0
(25, 42)	5097	0.0
(9, 354)	5098	0.0
(22, 316)	5099	0.0
(9, 355)	5100	0.0
(13, 925)	5101	0.0
(22, 317)	5102	0.0
(2, 1027)	5103	0.0
(4, 238)	5104	0.0
(13, 926)	5105	0.0
(22, 318)	5106	0.0
(9, 356)	5107	0.0
(8, 558)	5108	0.0
(8, 559)	5109	0.0
(2, 1028)	5110	0.0
(2, 1029)	5111	0.0
(13, 927)	5112	0.0
(2, 1030)	5113	0.0
(10, 414)	5114	0.0
(8, 560)	5115	0.0
(4, 239)	5116	0.0
(13, 928)	5117	0.0
(13, 929)	5118	0.0
(3, 462)	5119	0.0
(2, 1031)	5120	0.0
(9, 357)	5121	0.0
(13, 930)	5122	0.0
(22, 319)	5123	0.0
(9, 358)	5124	0.0
(8, 561)	5125	0.0
(10, 415)	5126	0.0
(10, 416)	5127	0.0
(10, 417)	5128	0.0
(10, 418)	5129	0.0
(18, 240)	5130	0.0
(18, 241)	5131	0.0
(2, 1032)	5132	0.0
(2, 1033)	5133	0.0
(10, 419)	5134	0.0
(8, 562)	5135	0.0
(2, 1034)	5136	0.0
(10, 420)	5137	0.0
(10, 421)	5138	0.0
(2, 1035)	5139	0.0
(10, 422)	5140	0.0
(2, 1036)	5141	0.0
(10, 423)	5142	0.0
(8, 563)	5143	0.0
(9, 359)	5144	0.0
(4, 240)	5145	0.0
(4, 241)	5146	0.0
(2, 1037)	5147	0.0
(9, 360)	5148	0.0
(9, 361)	5149	0.0
(9, 362)	5150	0.0
(9, 363)	5151	0.0
(2, 1038)	5152	0.0
(8, 564)	5153	0.0
(9, 364)	5154	0.0
(9, 365)	5155	0.0
(10, 424)	5156	0.0
(13, 931)	5157	0.0
(2, 1039)	5158	0.0
(9, 366)	5159	0.0
(2, 1040)	5160	0.0
(13, 932)	5161	0.0
(4, 242)	5162	0.0
(2, 1041)	5163	0.0
(8, 565)	5164	0.0
(2, 1042)	5165	0.0
(10, 425)	5166	0.0
(13, 933)	5167	0.0
(4, 243)	5168	0.0
(10, 426)	5169	0.0
(2, 1043)	5170	0.0
(8, 566)	5171	0.0
(8, 567)	5172	0.0
(10, 427)	5173	0.0
(10, 428)	5174	0.0
(8, 568)	5175	0.0
(8, 569)	5176	0.0
(13, 934)	5177	0.0
(2, 1044)	5178	0.0
(8, 570)	5179	0.0
(8, 571)	5180	0.0
(2, 1045)	5181	0.0
(11, 118)	5182	0.0
(19, 101)	5183	0.0
(19, 102)	5184	0.0
(19, 103)	5185	0.0
(20, 27)	5186	0.0
(10, 429)	5187	0.0
(13, 935)	5188	0.0
(10, 430)	5189	0.0
(9, 367)	5190	0.0
(2, 1046)	5191	0.0
(9, 368)	5192	0.0
(9, 369)	5193	0.0
(9, 370)	5194	0.0
(9, 371)	5195	0.0
(2, 1047)	5196	0.0
(10, 431)	5197	0.0
(8, 572)	5198	0.0
(9, 372)	5199	0.0
(2, 1048)	5200	0.0
(2, 1049)	5201	0.0
(9, 373)	5202	0.0
(2, 1050)	5203	0.0
(8, 573)	5204	0.0
(9, 374)	5205	0.0
(2, 1051)	5206	0.0
(8, 574)	5207	0.0
(8, 575)	5208	0.0
(2, 1052)	5209	0.0
(2, 1053)	5210	0.0
(8, 576)	5211	0.0
(8, 577)	5212	0.0
(10, 432)	5213	0.0
(9, 375)	5214	0.0
(2, 1054)	5215	0.0
(2, 1055)	5216	0.0
(2, 1056)	5217	0.0
(4, 244)	5218	0.0
(10, 433)	5219	0.0
(8, 578)	5220	0.0
(2, 1057)	5221	0.0
(3, 463)	5222	0.0
(3, 464)	5223	0.0
(3, 465)	5224	0.0
(3, 466)	5225	0.0
(2, 1058)	5226	0.0
(10, 434)	5227	0.0
(13, 936)	5228	0.0
(8, 579)	5229	0.0
(3, 467)	5230	0.0
(3, 468)	5231	0.0
(26, 15)	5232	0.0
(9, 376)	5233	0.0
(2, 1059)	5234	0.0
(3, 469)	5235	0.0
(32, 4)	5236	0.0
(34, 1)	5237	0.0
(35, 1)	5238	0.0
(32, 5)	5239	0.0
(13, 937)	5240	0.0
(8, 580)	5241	0.0
(2, 1060)	5242	0.0
(13, 938)	5243	0.0
(2, 1061)	5244	0.0
(9, 377)	5245	0.0
(13, 939)	5246	0.0
(2, 1062)	5247	0.0
(4, 245)	5248	0.0
(9, 378)	5249	0.0
(2, 1063)	5250	0.0
(10, 435)	5251	0.0
(10, 436)	5252	0.0
(15, 37)	5253	0.0
(2, 1064)	5254	0.0
(8, 581)	5255	0.0
(9, 379)	5256	0.0
(9, 380)	5257	0.0
(19, 104)	5258	0.0
(2, 1065)	5259	0.0
(13, 940)	5260	0.0
(22, 320)	5261	0.0
(36, 1)	5262	0.0
(36, 2)	5263	0.0
(3, 470)	5264	0.0
(2, 1066)	5265	0.0
(9, 381)	5266	0.0
(3, 471)	5267	0.0
(2, 1067)	5268	0.0
(13, 941)	5269	0.0
(13, 942)	5270	0.0
(3, 472)	5271	0.0
(3, 473)	5272	0.0
(13, 943)	5273	0.0
(10, 437)	5274	0.0
(3, 474)	5275	0.0
(13, 944)	5276	0.0
(13, 945)	5277	0.0
(13, 946)	5278	0.0
(2, 1068)	5279	0.0
(22, 321)	5280	0.0
(9, 382)	5281	0.0
(3, 475)	5282	0.0
(2, 1069)	5283	0.0
(22, 322)	5284	0.0
(18, 242)	5285	0.0
(11, 119)	5286	0.0
(13, 947)	5287	0.0
(18, 243)	5288	0.0
(18, 244)	5289	0.0
(13, 948)	5290	0.0
(13, 949)	5291	0.0
(18, 245)	5292	0.0
(18, 246)	5293	0.0
(8, 582)	5294	0.0
(18, 247)	5295	0.0
(4, 246)	5296	0.0
(18, 248)	5297	0.0
(22, 323)	5298	0.0
(1, 20)	5299	0.0
(10, 438)	5300	0.0
(10, 439)	5301	0.0
(10, 440)	5302	0.0
(2, 1070)	5303	0.0
(24, 71)	5304	0.0
(8, 583)	5305	0.0
(10, 441)	5306	0.0
(10, 442)	5307	0.0
(10, 443)	5308	0.0
(2, 1071)	5309	0.0
(2, 1072)	5310	0.0
(2, 1073)	5311	0.0
(2, 1074)	5312	0.0
(2, 1075)	5313	0.0
(2, 1076)	5314	0.0
(22, 324)	5315	0.0
(8, 584)	5316	0.0
(8, 585)	5317	0.0
(8, 586)	5318	0.0
(8, 587)	5319	0.0
(10, 444)	5320	0.0
(13, 950)	5321	0.0
(2, 1077)	5322	0.0
(2, 1078)	5323	0.0
(8, 588)	5324	0.0
(13, 951)	5325	0.0
(22, 325)	5326	0.0
(13, 952)	5327	0.0
(18, 249)	5328	0.0
(2, 1079)	5329	0.0
(13, 953)	5330	0.0
(10, 445)	5331	0.0
(2, 1080)	5332	0.0
(22, 326)	5333	0.0
(22, 327)	5334	0.0
(2, 1081)	5335	0.0
(13, 954)	5336	0.0
(25, 43)	5337	0.0
(2, 1082)	5338	0.0
(2, 1083)	5339	0.0
(13, 955)	5340	0.0
(13, 956)	5341	0.0
(2, 1084)	5342	0.0
(2, 1085)	5343	0.0
(8, 589)	5344	0.0
(13, 957)	5345	0.0
(13, 958)	5346	0.0
(13, 959)	5347	0.0
(13, 960)	5348	0.0
(9, 383)	5349	0.0
(2, 1086)	5350	0.0
(25, 44)	5351	0.0
(2, 1087)	5352	0.0
(13, 961)	5353	0.0
(13, 962)	5354	0.0
(26, 16)	5355	0.0
(13, 963)	5356	0.0
(22, 328)	5357	0.0
(22, 329)	5358	0.0
